============================ TCP01 FMEA Reports ======================================================
Time		Layer#	pID	pMean	pDev	UCL	LCL	RingID	Head1	Head2	Head3	Head4	EstPos
------------------------------------------------------------------------------------------------------
08:09.40	0.0	RP	333.12	17.99	406.0	286.0	Ring#2	263.62	263.79	342.91	352.27	0.0
08:09.40	0.0	TT	64.04	1.85	504.25	394.25	Ring#1	-1.0	-2.0	-2.0	-2.0	0.0
08:09.40	0.0	TT	64.04	1.85	504.25	394.25	Ring#2	452.15	449.4	0.0	-2.0	0.0
08:09.40	0.0	TT	64.04	1.85	504.25	394.25	Ring#3	4.0	2.0	2.0	2.0	0.0
08:09.40	0.0	TT	64.04	1.85	504.25	394.25	Ring#4	28.65	32.05	30.9	30.45	0.0
08:09.41	0.0	RP	333.12	17.99	406.0	286.0	Ring#2	263.62	263.79	342.91	352.27	0.0
08:09.41	0.0	TT	64.04	1.85	504.25	394.25	Ring#1	-1.0	-2.0	-2.0	-2.0	0.0
08:09.41	0.0	TT	64.04	1.85	504.25	394.25	Ring#2	452.15	449.4	0.0	-2.0	0.0
08:09.41	0.0	TT	64.04	1.85	504.25	394.25	Ring#3	4.0	2.0	2.0	2.0	0.0
08:09.41	0.0	TT	64.04	1.85	504.25	394.25	Ring#4	28.65	32.05	30.9	30.45	0.0
08:09.44	1.0	RP	333.12	17.99	406.0	286.0	Ring#2	263.62	263.79	342.91	352.27	50581.53
08:09.44	1.0	TT	64.04	1.85	504.25	394.25	Ring#1	-1.0	-2.0	-2.0	-2.0	50581.53
08:09.44	1.0	TT	64.04	1.85	504.25	394.25	Ring#2	452.15	449.4	0.0	-2.0	50581.53
08:09.44	1.0	TT	64.04	1.85	504.25	394.25	Ring#3	4.0	2.0	2.0	2.0	50581.53
08:09.44	1.0	TT	64.04	1.85	504.25	394.25	Ring#4	28.65	32.05	30.9	30.45	50581.53
08:09.46	1.0	RP	330.22	25.79	406.0	286.0	Ring#2	259.91	260.03	319.55	313.13	50581.53
08:09.46	1.0	TT	63.62	2.14	504.25	394.25	Ring#1	-1.0	-2.0	-2.0	-2.0	50581.53
08:09.46	1.0	TT	63.62	2.14	504.25	394.25	Ring#2	449.15	451.1	0.0	-2.0	50581.53
08:09.46	1.0	TT	63.62	2.14	504.25	394.25	Ring#3	4.0	2.0	2.0	2.0	50581.53
08:09.46	1.0	TT	63.62	2.14	504.25	394.25	Ring#4	28.2	27.75	31.0	29.8	50581.53
08:09.50	1.0	RP	327.53	27.76	406.0	286.0	Ring#2	262.05	257.37	295.52	298.69	50581.53
08:09.50	1.0	TT	63.64	2.14	504.25	394.25	Ring#1	-1.0	-2.0	-2.0	-2.0	50581.53
08:09.50	1.0	TT	63.64	2.14	504.25	394.25	Ring#2	450.1	449.5	0.0	-2.0	50581.53
08:09.50	1.0	TT	63.64	2.14	504.25	394.25	Ring#3	4.0	2.0	2.0	2.0	50581.53
08:09.50	1.0	TT	63.64	2.14	504.25	394.25	Ring#4	28.7	28.0	31.0	30.0	50581.53
08:09.56	1.0	RP	332.33	19.72	406.0	286.0	Ring#2	262.56	261.85	326.34	349.71	50581.53
08:09.56	1.0	TT	63.76	2.44	504.25	394.25	Ring#1	-1.0	-2.0	-2.0	-2.0	50581.53
08:09.56	1.0	TT	63.76	2.44	504.25	394.25	Ring#2	452.05	449.75	0.0	-2.0	50581.53
08:09.56	1.0	TT	63.76	2.44	504.25	394.25	Ring#3	4.0	2.0	2.0	2.0	50581.53
08:09.56	1.0	TT	63.76	2.44	504.25	394.25	Ring#4	27.9	28.5	31.0	29.9	50581.53
08:10.01	1.0	RP	333.03	16.91	406.0	286.0	Ring#2	255.97	257.37	345.22	354.72	50581.53
08:10.01	1.0	TT	63.52	2.06	504.25	394.25	Ring#1	-1.0	-2.0	-2.0	-2.0	50581.53
08:10.01	1.0	TT	63.52	2.06	504.25	394.25	Ring#2	448.6	449.7	0.0	-2.0	50581.53
08:10.01	1.0	TT	63.52	2.06	504.25	394.25	Ring#3	4.0	2.0	2.0	2.0	50581.53
08:10.01	1.0	TT	63.52	2.06	504.25	394.25	Ring#4	28.55	28.3	30.2	30.0	50581.53
08:10.06	1.0	RP	332.85	16.95	406.0	286.0	Ring#2	259.52	255.44	344.4	347.68	50581.53
08:10.06	1.0	TT	63.7	2.33	504.25	394.25	Ring#1	-1.0	-2.0	-2.0	-2.0	50581.53
08:10.06	1.0	TT	63.7	2.33	504.25	394.25	Ring#2	450.25	450.5	0.0	-2.0	50581.53
08:10.06	1.0	TT	63.7	2.33	504.25	394.25	Ring#3	4.0	2.0	2.0	2.0	50581.53
08:10.06	1.0	TT	63.7	2.33	504.25	394.25	Ring#4	28.75	28.15	30.8	29.8	50581.53
08:10.15	1.0	RP	331.05	20.72	406.0	286.0	Ring#2	261.9	261.22	340.85	345.79	50581.53
08:10.15	1.0	TT	95.39	53.26	504.25	394.25	Ring#1	-1.0	-2.0	-2.0	-2.0	50581.53
08:10.15	1.0	TT	95.39	53.26	504.25	394.25	Ring#2	451.1	449.95	0.0	-2.0	50581.53
08:10.15	1.0	TT	95.39	53.26	504.25	394.25	Ring#3	4.0	2.0	2.0	2.0	50581.53
08:10.15	1.0	TT	95.39	53.26	504.25	394.25	Ring#4	278.5	285.15	30.0	30.5	50581.53
08:10.15	1.0	DT	-15.46	22.23	44.0	-44.0	Ring#3	48.05	73.1	1.75	2.35	50581.53
08:10.20	1.0	RP	332.34	18.57	406.0	286.0	Ring#2	262.17	260.49	341.76	345.88	50581.53
08:10.20	1.0	TT	114.66	13.72	504.25	394.25	Ring#1	-1.0	-2.0	-2.0	-2.0	50581.53
08:10.20	1.0	TT	114.66	13.72	504.25	394.25	Ring#2	446.8	450.8	0.0	-2.0	50581.53
08:10.20	1.0	TT	114.66	13.72	504.25	394.25	Ring#3	4.0	2.0	2.0	2.0	50581.53
08:10.20	1.0	TT	114.66	13.72	504.25	394.25	Ring#4	448.5	426.55	30.9	30.0	50581.53
08:17.02	0.0	RP	332.73	18.61	406.0	286.0	Ring#2	263.62	263.79	341.85	346.47	0.0
08:17.02	0.0	TT	114.81	12.68	504.25	394.25	Ring#1	-1.0	-2.0	-2.0	-2.0	0.0
08:17.02	0.0	TT	114.81	12.68	504.25	394.25	Ring#2	452.15	449.4	0.0	-2.0	0.0
08:17.02	0.0	TT	114.81	12.68	504.25	394.25	Ring#3	4.0	2.0	2.0	2.0	0.0
08:17.02	0.0	TT	114.81	12.68	504.25	394.25	Ring#4	446.8	426.7	30.9	30.0	0.0
08:17.09	0.0	RP	332.73	18.61	406.0	286.0	Ring#2	263.62	263.79	341.85	346.47	0.0
08:17.09	0.0	TT	114.81	12.68	504.25	394.25	Ring#1	-1.0	-2.0	-2.0	-2.0	0.0
08:17.09	0.0	TT	114.81	12.68	504.25	394.25	Ring#2	452.15	449.4	0.0	-2.0	0.0
08:17.09	0.0	TT	114.81	12.68	504.25	394.25	Ring#3	4.0	2.0	2.0	2.0	0.0
08:17.09	0.0	TT	114.81	12.68	504.25	394.25	Ring#4	446.8	426.7	30.9	30.0	0.0
08:17.22	1.0	RP	332.73	18.61	406.0	286.0	Ring#2	263.62	263.79	341.85	346.47	50581.53
08:17.22	1.0	TT	114.81	12.68	504.25	394.25	Ring#1	-1.0	-2.0	-2.0	-2.0	50581.53
08:17.22	1.0	TT	114.81	12.68	504.25	394.25	Ring#2	452.15	449.4	0.0	-2.0	50581.53
08:17.22	1.0	TT	114.81	12.68	504.25	394.25	Ring#3	4.0	2.0	2.0	2.0	50581.53
08:17.22	1.0	TT	114.81	12.68	504.25	394.25	Ring#4	446.8	426.7	30.9	30.0	50581.53
08:17.37	1.0	RP	331.84	16.38	406.0	286.0	Ring#2	259.91	260.03	341.64	347.82	50581.53
08:17.37	1.0	TT	116.3	4.36	504.25	394.25	Ring#1	-1.0	-2.0	-2.0	-2.0	50581.53
08:17.37	1.0	TT	116.3	4.36	504.25	394.25	Ring#2	449.15	451.1	0.0	-2.0	50581.53
08:17.37	1.0	TT	116.3	4.36	504.25	394.25	Ring#3	4.0	2.0	2.0	2.0	50581.53
08:17.37	1.0	TT	116.3	4.36	504.25	394.25	Ring#4	449.6	449.35	31.0	29.65	50581.53
08:17.57	1.0	RP	332.69	16.38	406.0	286.0	Ring#2	262.05	257.37	344.44	349.36	50581.53
08:17.57	1.0	TT	116.38	4.15	504.25	394.25	Ring#1	-1.0	-2.0	-2.0	-2.0	50581.53
08:17.57	1.0	TT	116.38	4.15	504.25	394.25	Ring#2	450.1	449.5	0.0	-2.0	50581.53
08:17.57	1.0	TT	116.38	4.15	504.25	394.25	Ring#3	4.0	2.0	2.0	2.0	50581.53
08:17.57	1.0	TT	116.38	4.15	504.25	394.25	Ring#4	449.95	451.0	31.0	29.6	50581.53
08:18.21	1.0	RP	333.02	16.0	406.0	286.0	Ring#2	262.56	261.85	344.04	349.41	50581.53
08:18.21	1.0	TT	116.39	4.65	504.25	394.25	Ring#1	-1.0	-2.0	-2.0	-2.0	50581.53
08:18.21	1.0	TT	116.39	4.65	504.25	394.25	Ring#2	452.05	449.75	0.0	-2.0	50581.53
08:18.21	1.0	TT	116.39	4.65	504.25	394.25	Ring#3	4.0	2.0	2.0	2.0	50581.53
08:18.21	1.0	TT	116.39	4.65	504.25	394.25	Ring#4	450.2	447.1	31.85	30.25	50581.53
08:18.38	1.0	RP	333.75	15.74	406.0	286.0	Ring#2	255.97	257.37	344.77	351.96	50581.53
08:18.38	1.0	TT	116.54	4.99	504.25	394.25	Ring#1	-1.0	-2.0	-2.0	-2.0	50581.53
08:18.38	1.0	TT	116.54	4.99	504.25	394.25	Ring#2	448.6	449.7	0.0	-2.0	50581.53
08:18.38	1.0	TT	116.54	4.99	504.25	394.25	Ring#3	4.0	2.0	2.0	2.0	50581.53
08:18.38	1.0	TT	116.54	4.99	504.25	394.25	Ring#4	450.45	453.05	32.35	29.5	50581.53
08:18.55	1.0	RP	330.87	18.21	406.0	286.0	Ring#2	259.52	255.44	345.9	349.78	50581.53
08:18.55	1.0	RP	330.87	18.21	406.0	286.0	Ring#3	367.68	335.75	328.91	284.17	50581.53
08:18.55	1.0	TT	128.45	40.82	504.25	394.25	Ring#1	-1.0	-2.0	-2.0	-2.0	50581.53
08:18.55	1.0	TT	128.45	40.82	504.25	394.25	Ring#2	450.25	450.5	0.0	-2.0	50581.53
08:18.55	1.0	TT	128.45	40.82	504.25	394.25	Ring#3	4.0	2.0	2.0	2.0	50581.53
08:18.55	1.0	TT	128.45	40.82	504.25	394.25	Ring#4	449.45	448.25	139.05	116.75	50581.53
08:19.11	1.0	RP	331.32	18.83	406.0	286.0	Ring#2	261.9	261.22	343.28	349.57	50581.53
08:19.11	1.0	RP	331.32	18.83	406.0	286.0	Ring#3	364.78	333.4	323.06	281.78	50581.53
08:19.11	1.0	TT	167.86	12.75	504.25	394.25	Ring#1	-1.0	-2.0	-2.0	-2.0	50581.53
08:19.11	1.0	TT	167.86	12.75	504.25	394.25	Ring#2	451.1	449.95	0.0	-2.0	50581.53
08:19.11	1.0	TT	167.86	12.75	504.25	394.25	Ring#3	4.0	2.0	2.0	2.0	50581.53
08:19.11	1.0	TT	167.86	12.75	477.0	422.0	Ring#4	449.45	450.75	462.85	420.7	50581.53
08:19.11	1.0	DT	-18.24	13.99	87.77	-88.23	Ring#3	0.5	2.3	146.1	-1.45	50581.53
08:19.28	1.0	RP	332.52	17.91	406.0	286.0	Ring#2	262.17	260.49	344.7	351.32	50581.53
08:19.28	1.0	TT	165.03	10.23	504.25	394.25	Ring#1	-1.0	-2.0	-2.0	-2.0	50581.53
08:19.28	1.0	TT	165.03	10.23	504.25	394.25	Ring#2	446.8	450.8	0.0	-2.0	50581.53
08:19.28	1.0	TT	165.03	10.23	504.25	394.25	Ring#3	4.0	2.0	2.0	2.0	50581.53
08:19.28	1.0	TT	165.03	10.23	477.0	422.0	Ring#4	449.5	448.2	397.75	446.5	50581.53
08:20.05	1.0	RP	333.09	15.96	406.0	286.0	Ring#2	262.2	257.56	345.08	351.1	50581.53
08:20.05	1.0	TT	169.83	7.79	504.25	394.25	Ring#1	-1.0	-2.0	-2.0	-2.0	50581.53
08:20.05	1.0	TT	169.83	7.79	504.25	394.25	Ring#2	449.6	449.05	0.0	-2.0	50581.53
08:20.05	1.0	TT	169.83	7.79	504.25	394.25	Ring#3	4.0	2.0	2.0	2.0	50581.53
08:20.05	1.0	DT	6.14	12.53	44.0	-44.0	Ring#3	-1.4	1.45	-45.45	-4.95	50581.53
08:20.25	1.0	RP	332.88	15.84	406.0	286.0	Ring#2	263.08	262.51	344.86	352.26	50581.53
08:20.25	1.0	TT	169.05	5.42	504.25	394.25	Ring#1	-1.0	-2.0	-2.0	-2.0	50581.53
08:20.25	1.0	TT	169.05	5.42	504.25	394.25	Ring#2	451.3	449.75	0.0	-2.0	50581.53
08:20.25	1.0	TT	169.05	5.42	504.25	394.25	Ring#3	4.0	2.0	2.0	2.0	50581.53
08:20.45	1.0	RP	333.2	16.0	406.0	286.0	Ring#2	262.29	259.93	345.75	349.79	50581.53
08:20.45	1.0	TT	168.7	5.62	504.25	394.25	Ring#1	-1.0	-2.0	-2.0	-2.0	50581.53
08:20.45	1.0	TT	168.7	5.62	504.25	394.25	Ring#2	448.2	450.65	0.0	-2.0	50581.53
08:20.45	1.0	TT	168.7	5.62	504.25	394.25	Ring#3	4.0	2.0	2.0	2.0	50581.53
08:20.59	1.0	RP	331.44	14.23	406.0	286.0	Ring#2	263.63	258.98	343.05	345.66	50581.53
08:20.59	1.0	TT	168.66	5.95	504.25	394.25	Ring#1	-1.0	-2.0	-2.0	-2.0	50581.53
08:20.59	1.0	TT	168.66	5.95	504.25	394.25	Ring#2	451.0	449.05	0.0	-2.0	50581.53
08:20.59	1.0	TT	168.66	5.95	504.25	394.25	Ring#3	4.0	2.0	2.0	2.0	50581.53
08:21.17	1.0	RP	333.38	13.93	406.0	286.0	Ring#2	258.86	259.97	343.14	354.86	50581.53
08:21.17	1.0	TT	168.8	5.51	504.25	394.25	Ring#1	-1.0	-2.0	-2.0	-2.0	50581.53
08:21.17	1.0	TT	168.8	5.51	504.25	394.25	Ring#2	451.3	450.1	0.0	-2.0	50581.53
08:21.17	1.0	TT	168.8	5.51	504.25	394.25	Ring#3	4.0	2.0	2.0	2.0	50581.53
08:21.33	1.0	RP	332.57	14.77	406.0	286.0	Ring#2	258.94	259.62	341.69	351.48	50581.53
08:21.34	1.0	TT	168.88	5.27	504.25	394.25	Ring#1	-1.0	-2.0	-2.0	-2.0	50581.53
08:21.34	1.0	TT	168.88	5.27	504.25	394.25	Ring#2	449.35	450.7	0.0	-2.0	50581.53
08:21.34	1.0	TT	168.88	5.27	504.25	394.25	Ring#3	4.0	2.0	2.0	2.0	50581.53
08:32.42	0.0	RP	333.08	15.06	406.0	286.0	Ring#2	263.62	263.79	341.65	351.41	0.0
08:32.42	0.0	TT	169.07	5.02	504.25	394.25	Ring#1	-1.0	-2.0	-2.0	-2.0	0.0
08:32.42	0.0	TT	169.07	5.02	504.25	394.25	Ring#2	452.15	449.4	0.0	-2.0	0.0
08:32.42	0.0	TT	169.07	5.02	504.25	394.25	Ring#3	4.0	2.0	2.0	2.0	0.0
08:32.46	0.0	RP	333.08	15.06	406.0	286.0	Ring#2	263.62	263.79	341.65	351.41	0.0
08:32.46	0.0	TT	169.07	5.02	504.25	394.25	Ring#1	-1.0	-2.0	-2.0	-2.0	0.0
08:32.46	0.0	TT	169.07	5.02	504.25	394.25	Ring#2	452.15	449.4	0.0	-2.0	0.0
08:32.46	0.0	TT	169.07	5.02	504.25	394.25	Ring#3	4.0	2.0	2.0	2.0	0.0
08:32.51	1.0	RP	333.01	14.97	406.0	286.0	Ring#2	262.81	263.32	341.87	351.66	50581.53
08:32.51	1.0	TT	169.14	5.05	504.25	394.25	Ring#1	-1.0	-2.0	-2.0	-2.0	50581.53
08:32.51	1.0	TT	169.14	5.05	504.25	394.25	Ring#2	452.0	449.7	0.0	-2.0	50581.53
08:32.51	1.0	TT	169.14	5.05	504.25	394.25	Ring#3	4.0	2.0	2.0	2.0	50581.53
08:32.56	1.0	RP	332.85	14.89	406.0	286.0	Ring#2	263.23	263.58	341.84	351.71	50581.53
08:32.56	1.0	TT	169.09	5.15	504.25	394.25	Ring#1	-1.0	-2.0	-2.0	-2.0	50581.53
08:32.56	1.0	TT	169.09	5.15	504.25	394.25	Ring#2	451.05	450.2	0.0	-2.0	50581.53
08:32.56	1.0	TT	169.09	5.15	504.25	394.25	Ring#3	4.0	2.0	2.0	2.0	50581.53
08:33.00	1.0	RP	332.56	14.78	406.0	286.0	Ring#2	262.39	262.35	341.81	352.36	50581.53
08:33.00	1.0	TT	168.96	5.2	504.25	394.25	Ring#1	-1.0	-2.0	-2.0	-2.0	50581.53
08:33.00	1.0	TT	168.96	5.2	504.25	394.25	Ring#2	449.75	450.5	0.0	-2.0	50581.53
08:33.00	1.0	TT	168.96	5.2	504.25	394.25	Ring#3	4.0	2.0	2.0	2.0	50581.53
08:33.05	1.0	RP	332.49	14.76	406.0	286.0	Ring#2	262.63	261.92	341.19	352.24	50581.53
08:33.05	1.0	TT	168.93	5.28	504.25	394.25	Ring#1	-1.0	-2.0	-2.0	-2.0	50581.53
08:33.05	1.0	TT	168.93	5.28	504.25	394.25	Ring#2	449.0	450.55	0.0	-2.0	50581.53
08:33.05	1.0	TT	168.93	5.28	504.25	394.25	Ring#3	4.0	2.0	2.0	2.0	50581.53
08:33.10	1.0	RP	332.48	14.82	406.0	286.0	Ring#2	263.7	261.74	340.58	352.2	50581.53
08:33.10	1.0	TT	168.88	5.38	504.25	394.25	Ring#1	-1.0	-2.0	-2.0	-2.0	50581.53
08:33.10	1.0	TT	168.88	5.38	504.25	394.25	Ring#2	448.6	450.2	0.0	-2.0	50581.53
08:33.10	1.0	TT	168.88	5.38	504.25	394.25	Ring#3	4.0	2.0	2.0	2.0	50581.53
08:33.18	1.0	RP	332.54	14.7	406.0	286.0	Ring#2	265.0	262.27	340.26	352.29	50581.53
08:33.18	1.0	TT	168.94	5.46	504.25	394.25	Ring#1	-1.0	-2.0	-2.0	-2.0	50581.53
08:33.18	1.0	TT	168.94	5.46	504.25	394.25	Ring#2	449.5	450.3	0.0	-2.0	50581.53
08:33.18	1.0	TT	168.94	5.46	504.25	394.25	Ring#3	4.0	2.0	2.0	2.0	50581.53
08:33.22	1.0	RP	332.77	14.74	406.0	286.0	Ring#2	264.84	263.82	340.16	352.07	50581.53
08:33.22	1.0	TT	169.0	5.59	504.25	394.25	Ring#1	-1.0	-2.0	-2.0	-2.0	50581.53
08:33.22	1.0	TT	169.0	5.59	504.25	394.25	Ring#2	450.85	450.4	0.0	-2.0	50581.53
08:33.22	1.0	TT	169.0	5.59	504.25	394.25	Ring#3	4.0	2.0	2.0	2.0	50581.53
08:33.28	1.0	RP	332.78	14.91	406.0	286.0	Ring#2	264.02	265.19	340.15	351.8	50581.53
08:33.28	1.0	TT	169.06	5.45	504.25	394.25	Ring#1	-1.0	-2.0	-2.0	-2.0	50581.53
08:33.28	1.0	TT	169.06	5.45	504.25	394.25	Ring#2	451.65	450.8	0.0	-2.0	50581.53
08:33.28	1.0	TT	169.06	5.45	504.25	394.25	Ring#3	4.0	2.0	2.0	2.0	50581.53
08:33.33	1.0	RP	332.6	14.96	406.0	286.0	Ring#2	262.92	264.72	340.03	351.07	50581.53
08:33.33	1.0	TT	168.9	5.55	504.25	394.25	Ring#1	-1.0	-2.0	-2.0	-2.0	50581.53
08:33.33	1.0	TT	168.9	5.55	504.25	394.25	Ring#2	451.4	451.2	0.0	-2.0	50581.53
08:33.33	1.0	TT	168.9	5.55	504.25	394.25	Ring#3	4.0	2.0	2.0	2.0	50581.53
08:33.38	1.0	RP	332.69	15.1	406.0	286.0	Ring#2	262.11	264.53	340.47	350.9	50581.53
08:33.38	1.0	TT	168.66	5.47	504.25	394.25	Ring#1	-1.0	-2.0	-2.0	-2.0	50581.53
08:33.38	1.0	TT	168.66	5.47	504.25	394.25	Ring#2	451.0	451.15	0.0	-2.0	50581.53
08:33.38	1.0	TT	168.66	5.47	504.25	394.25	Ring#3	4.0	2.0	2.0	2.0	50581.53
08:33.42	1.0	RP	332.46	15.11	406.0	286.0	Ring#2	260.89	263.42	340.47	350.88	50581.53
08:33.42	1.0	TT	168.55	5.57	504.25	394.25	Ring#1	-1.0	-2.0	-2.0	-2.0	50581.53
08:33.42	1.0	TT	168.55	5.57	504.25	394.25	Ring#2	449.75	451.15	0.0	-2.0	50581.53
08:33.42	1.0	TT	168.55	5.57	504.25	394.25	Ring#3	4.0	2.0	2.0	2.0	50581.53
08:33.47	1.0	RP	332.25	15.18	406.0	286.0	Ring#2	260.21	263.38	340.35	350.66	50581.53
08:33.47	1.0	TT	168.45	5.72	504.25	394.25	Ring#1	-1.0	-2.0	-2.0	-2.0	50581.53
08:33.47	1.0	TT	168.45	5.72	504.25	394.25	Ring#2	448.85	450.65	0.0	-2.0	50581.53
08:33.47	1.0	TT	168.45	5.72	504.25	394.25	Ring#3	4.0	2.0	2.0	2.0	50581.53
08:33.53	1.0	RP	332.2	15.25	406.0	286.0	Ring#2	261.73	263.2	340.07	350.87	50581.53
08:33.53	1.0	TT	168.45	5.8	504.25	394.25	Ring#1	-1.0	-2.0	-2.0	-2.0	50581.53
08:33.53	1.0	TT	168.45	5.8	504.25	394.25	Ring#2	448.6	449.9	0.0	-2.0	50581.53
08:33.53	1.0	TT	168.45	5.8	504.25	394.25	Ring#3	4.0	2.0	2.0	2.0	50581.53
08:33.59	1.0	RP	332.12	15.24	406.0	286.0	Ring#2	261.85	263.29	340.29	351.1	50581.53
08:33.59	1.0	TT	168.54	5.93	504.25	394.25	Ring#1	-1.0	-2.0	-2.0	-2.0	50581.53
08:33.59	1.0	TT	168.54	5.93	504.25	394.25	Ring#2	448.95	449.2	0.0	-2.0	50581.53
08:33.59	1.0	TT	168.54	5.93	504.25	394.25	Ring#3	4.0	2.0	2.0	2.0	50581.53
08:34.03	1.0	RP	332.26	15.25	406.0	286.0	Ring#2	262.67	264.13	340.33	351.1	50581.53
08:34.03	1.0	TT	168.78	5.85	504.25	394.25	Ring#1	-1.0	-2.0	-2.0	-2.0	50581.53
08:34.03	1.0	TT	168.78	5.85	504.25	394.25	Ring#2	449.95	449.4	0.0	-2.0	50581.53
08:34.03	1.0	TT	168.78	5.85	504.25	394.25	Ring#3	4.0	2.0	2.0	2.0	50581.53
08:34.08	1.0	RP	332.02	15.22	406.0	286.0	Ring#2	261.13	262.86	340.11	350.92	50581.53
08:34.08	1.0	TT	168.96	5.77	504.25	394.25	Ring#1	-1.0	-2.0	-2.0	-2.0	50581.53
08:34.08	1.0	TT	168.96	5.77	504.25	394.25	Ring#2	450.85	449.95	0.0	-2.0	50581.53
08:34.08	1.0	TT	168.96	5.77	504.25	394.25	Ring#3	4.0	2.0	2.0	2.0	50581.53
08:34.12	1.0	RP	332.27	15.12	406.0	286.0	Ring#2	261.7	263.17	340.1	350.33	50581.53
08:34.12	1.0	TT	168.98	5.62	504.25	394.25	Ring#1	-1.0	-2.0	-2.0	-2.0	50581.53
08:34.12	1.0	TT	168.98	5.62	504.25	394.25	Ring#2	451.15	450.7	0.0	-2.0	50581.53
08:34.12	1.0	TT	168.98	5.62	504.25	394.25	Ring#3	4.0	2.0	2.0	2.0	50581.53
08:34.20	1.0	RP	332.16	15.08	406.0	286.0	Ring#2	261.17	261.74	340.19	350.18	50581.53
08:34.20	1.0	TT	168.98	5.57	504.25	394.25	Ring#1	-1.0	-2.0	-2.0	-2.0	50581.53
08:34.20	1.0	TT	168.98	5.57	504.25	394.25	Ring#2	450.9	451.05	0.0	-2.0	50581.53
08:34.20	1.0	TT	168.98	5.57	504.25	394.25	Ring#3	4.0	2.0	2.0	2.0	50581.53
08:34.25	1.0	RP	332.18	15.03	406.0	286.0	Ring#2	260.14	261.6	340.44	349.99	50581.53
08:34.25	1.0	TT	168.81	5.65	504.25	394.25	Ring#1	-1.0	-2.0	-2.0	-2.0	50581.53
08:34.25	1.0	TT	168.81	5.65	504.25	394.25	Ring#2	450.15	451.15	0.0	-2.0	50581.53
08:34.25	1.0	TT	168.81	5.65	504.25	394.25	Ring#3	4.0	2.0	2.0	2.0	50581.53
08:34.32	1.0	RP	332.17	15.06	406.0	286.0	Ring#2	259.91	260.03	341.21	349.96	50581.53
08:34.32	1.0	TT	168.68	5.6	504.25	394.25	Ring#1	-1.0	-2.0	-2.0	-2.0	50581.53
08:34.32	1.0	TT	168.68	5.6	504.25	394.25	Ring#2	449.15	451.1	0.0	-2.0	50581.53
08:34.32	1.0	TT	168.68	5.6	504.25	394.25	Ring#3	4.0	2.0	2.0	2.0	50581.53
08:34.40	1.0	RP	332.21	15.1	406.0	286.0	Ring#2	259.95	259.39	342.27	349.0	50581.53
08:34.40	1.0	TT	168.74	5.73	504.25	394.25	Ring#1	-1.0	-2.0	-2.0	-2.0	50581.53
08:34.40	1.0	TT	168.74	5.73	504.25	394.25	Ring#2	448.76	450.67	0.0	-2.0	50581.53
08:34.40	1.0	TT	168.74	5.73	504.25	394.25	Ring#3	4.0	2.0	2.0	2.0	50581.53
08:34.45	1.0	RP	332.36	14.99	406.0	286.0	Ring#2	260.4	259.77	343.11	348.84	50581.53
08:34.45	1.0	TT	168.72	5.71	504.25	394.25	Ring#1	-1.0	-2.0	-2.0	-2.0	50581.53
08:34.45	1.0	TT	168.72	5.71	504.25	394.25	Ring#2	448.64	450.27	0.0	-2.0	50581.53
08:34.45	1.0	TT	168.72	5.71	504.25	394.25	Ring#3	4.0	2.0	2.0	2.0	50581.53
08:34.49	1.0	RP	332.58	14.92	406.0	286.0	Ring#2	261.1	259.87	343.6	349.71	50581.53
08:34.49	1.0	TT	168.72	5.69	504.25	394.25	Ring#1	-1.0	-2.0	-2.0	-2.0	50581.53
08:34.49	1.0	TT	168.72	5.69	504.25	394.25	Ring#2	449.09	450.09	0.0	-2.0	50581.53
08:34.49	1.0	TT	168.72	5.69	504.25	394.25	Ring#3	4.0	2.0	2.0	2.0	50581.53
08:34.57	1.0	RP	332.68	14.82	406.0	286.0	Ring#2	260.96	260.14	343.69	350.49	50581.53
08:34.57	1.0	TT	168.75	5.66	504.25	394.25	Ring#1	-1.0	-2.0	-2.0	-2.0	50581.53
08:34.57	1.0	TT	168.75	5.66	504.25	394.25	Ring#2	449.75	450.25	0.0	-2.0	50581.53
08:34.57	1.0	TT	168.75	5.66	504.25	394.25	Ring#3	4.0	2.0	2.0	2.0	50581.53
08:35.01	1.0	RP	332.68	14.9	406.0	286.0	Ring#2	260.85	260.89	343.65	351.23	50581.53
08:35.01	1.0	TT	168.71	5.67	504.25	394.25	Ring#1	-1.0	-2.0	-2.0	-2.0	50581.53
08:35.01	1.0	TT	168.71	5.67	504.25	394.25	Ring#2	450.08	450.44	0.0	-2.0	50581.53
08:35.01	1.0	TT	168.71	5.67	504.25	394.25	Ring#3	4.0	2.0	2.0	2.0	50581.53
08:35.06	1.0	RP	332.55	14.95	406.0	286.0	Ring#2	261.14	260.89	342.57	351.63	50581.53
08:35.06	1.0	TT	168.65	5.68	504.25	394.25	Ring#1	-1.0	-2.0	-2.0	-2.0	50581.53
08:35.06	1.0	TT	168.65	5.68	504.25	394.25	Ring#2	450.08	450.65	0.0	-2.0	50581.53
08:35.06	1.0	TT	168.65	5.68	504.25	394.25	Ring#3	4.0	2.0	2.0	2.0	50581.53
08:35.10	1.0	RP	332.56	14.93	406.0	286.0	Ring#2	261.03	260.78	341.79	351.83	50581.53
08:35.10	1.0	TT	168.69	5.69	504.25	394.25	Ring#1	-1.0	-2.0	-2.0	-2.0	50581.53
08:35.10	1.0	TT	168.69	5.69	504.25	394.25	Ring#2	450.19	450.93	0.0	-2.0	50581.53
08:35.10	1.0	TT	168.69	5.69	504.25	394.25	Ring#3	4.0	2.0	2.0	2.0	50581.53
08:35.15	1.0	RP	332.37	14.91	406.0	286.0	Ring#2	260.88	260.42	340.99	351.62	50581.53
08:35.15	1.0	TT	168.7	5.73	504.25	394.25	Ring#1	-1.0	-2.0	-2.0	-2.0	50581.53
08:35.15	1.0	TT	168.7	5.73	504.25	394.25	Ring#2	449.54	451.07	0.0	-2.0	50581.53
08:35.15	1.0	TT	168.7	5.73	504.25	394.25	Ring#3	4.0	2.0	2.0	2.0	50581.53
08:35.20	1.0	RP	332.14	14.96	406.0	286.0	Ring#2	260.44	260.54	340.47	350.75	50581.53
08:35.20	1.0	TT	168.73	5.74	504.25	394.25	Ring#1	-1.0	-2.0	-2.0	-2.0	50581.53
08:35.20	1.0	TT	168.73	5.74	504.25	394.25	Ring#2	449.1	451.17	0.0	-2.0	50581.53
08:35.20	1.0	TT	168.73	5.74	504.25	394.25	Ring#3	4.0	2.0	2.0	2.0	50581.53
08:35.25	1.0	RP	332.04	14.94	406.0	286.0	Ring#2	260.59	260.05	340.56	350.08	50581.53
08:35.25	1.0	TT	168.77	5.72	504.25	394.25	Ring#1	-1.0	-2.0	-2.0	-2.0	50581.53
08:35.25	1.0	TT	168.77	5.72	504.25	394.25	Ring#2	449.17	450.97	0.0	-2.0	50581.53
08:35.25	1.0	TT	168.77	5.72	504.25	394.25	Ring#3	4.0	2.0	2.0	2.0	50581.53
08:35.30	1.0	RP	331.89	14.94	406.0	286.0	Ring#2	260.4	259.36	341.23	349.74	50581.53
08:35.30	1.0	TT	168.81	5.72	504.25	394.25	Ring#1	-1.0	-2.0	-2.0	-2.0	50581.53
08:35.30	1.0	TT	168.81	5.72	504.25	394.25	Ring#2	449.06	450.71	0.0	-2.0	50581.53
08:35.30	1.0	TT	168.81	5.72	504.25	394.25	Ring#3	4.0	2.0	2.0	2.0	50581.53
08:35.34	1.0	RP	331.9	14.94	406.0	286.0	Ring#2	260.72	260.05	341.73	349.5	50581.53
08:35.34	1.0	TT	168.84	5.71	504.25	394.25	Ring#1	-1.0	-2.0	-2.0	-2.0	50581.53
08:35.34	1.0	TT	168.84	5.71	504.25	394.25	Ring#2	449.19	450.78	0.0	-2.0	50581.53
08:35.34	1.0	TT	168.84	5.71	504.25	394.25	Ring#3	4.0	2.0	2.0	2.0	50581.53
08:35.38	1.0	RP	331.9	14.98	406.0	286.0	Ring#2	260.48	259.39	342.01	350.07	50581.53
08:35.38	1.0	TT	168.88	5.79	504.25	394.25	Ring#1	-1.0	-2.0	-2.0	-2.0	50581.53
08:35.39	1.0	TT	168.88	5.79	504.25	394.25	Ring#2	449.76	450.76	0.0	-2.0	50581.53
08:35.39	1.0	TT	168.88	5.79	504.25	394.25	Ring#3	4.0	2.0	2.0	2.0	50581.53
08:35.43	1.0	RP	331.96	14.95	406.0	286.0	Ring#2	260.4	259.43	342.12	350.72	50581.53
08:35.43	1.0	TT	168.92	5.86	504.25	394.25	Ring#1	-1.0	-2.0	-2.0	-2.0	50581.53
08:35.43	1.0	TT	168.92	5.86	504.25	394.25	Ring#2	450.35	450.65	0.0	-2.0	50581.53
08:35.43	1.0	TT	168.92	5.86	504.25	394.25	Ring#3	4.0	2.0	2.0	2.0	50581.53
08:35.48	1.0	RP	332.01	14.89	406.0	286.0	Ring#2	260.26	259.39	342.06	351.14	50581.53
08:35.48	1.0	TT	168.91	5.78	504.25	394.25	Ring#1	-1.0	-2.0	-2.0	-2.0	50581.53
08:35.48	1.0	TT	168.91	5.78	504.25	394.25	Ring#2	450.4	450.6	0.0	-2.0	50581.53
08:35.48	1.0	TT	168.91	5.78	504.25	394.25	Ring#3	4.0	2.0	2.0	2.0	50581.53
08:35.52	1.0	RP	332.07	14.84	406.0	286.0	Ring#2	260.65	259.22	341.74	351.45	50581.53
08:35.52	1.0	TT	168.85	5.77	504.25	394.25	Ring#1	-1.0	-2.0	-2.0	-2.0	50581.53
08:35.52	1.0	TT	168.85	5.77	504.25	394.25	Ring#2	450.0	450.58	0.0	-2.0	50581.53
08:35.52	1.0	TT	168.85	5.77	504.25	394.25	Ring#3	4.0	2.0	2.0	2.0	50581.53
08:35.57	1.0	RP	332.17	14.86	406.0	286.0	Ring#2	260.33	258.8	341.18	351.27	50581.53
08:35.57	1.0	TT	168.83	5.74	504.25	394.25	Ring#1	-1.0	-2.0	-2.0	-2.0	50581.53
08:35.57	1.0	TT	168.83	5.74	504.25	394.25	Ring#2	449.73	450.57	0.0	-2.0	50581.53
08:35.57	1.0	TT	168.83	5.74	504.25	394.25	Ring#3	4.0	2.0	2.0	2.0	50581.53
08:36.03	1.0	RP	332.22	14.85	406.0	286.0	Ring#2	260.21	258.87	340.69	350.95	50581.53
08:36.03	1.0	TT	168.79	5.7	504.25	394.25	Ring#1	-1.0	-2.0	-2.0	-2.0	50581.53
08:36.03	1.0	TT	168.79	5.7	504.25	394.25	Ring#2	449.42	450.47	0.0	-2.0	50581.53
08:36.03	1.0	TT	168.79	5.7	504.25	394.25	Ring#3	4.0	2.0	2.0	2.0	50581.53
08:36.10	1.0	RP	332.19	14.93	406.0	286.0	Ring#2	260.63	258.96	340.27	350.39	50581.53
08:36.10	1.0	TT	168.77	5.73	504.25	394.25	Ring#1	-1.0	-2.0	-2.0	-2.0	50581.53
08:36.10	1.0	TT	168.77	5.73	504.25	394.25	Ring#2	449.36	450.33	0.0	-2.0	50581.53
08:36.10	1.0	TT	168.77	5.73	504.25	394.25	Ring#3	4.0	2.0	2.0	2.0	50581.53
08:36.15	1.0	RP	332.14	14.9	406.0	286.0	Ring#2	260.98	258.7	340.53	349.94	50581.53
08:36.15	1.0	TT	168.78	5.71	504.25	394.25	Ring#1	-1.0	-2.0	-2.0	-2.0	50581.53
08:36.15	1.0	TT	168.78	5.71	504.25	394.25	Ring#2	449.62	450.3	0.0	-2.0	50581.53
08:36.15	1.0	TT	168.78	5.71	504.25	394.25	Ring#3	4.0	2.0	2.0	2.0	50581.53
08:36.28	1.0	RP	332.1	14.84	406.0	286.0	Ring#2	260.83	258.88	341.02	349.52	50581.53
08:36.28	1.0	TT	168.8	5.72	504.25	394.25	Ring#1	-1.0	-2.0	-2.0	-2.0	50581.53
08:36.28	1.0	TT	168.8	5.72	504.25	394.25	Ring#2	450.05	450.39	0.0	-2.0	50581.53
08:36.28	1.0	TT	168.8	5.72	504.25	394.25	Ring#3	4.0	2.0	2.0	2.0	50581.53
08:36.32	1.0	RP	332.09	14.83	406.0	286.0	Ring#2	261.13	259.35	341.37	349.42	50581.53
08:36.32	1.0	TT	168.79	5.72	504.25	394.25	Ring#1	-1.0	-2.0	-2.0	-2.0	50581.53
08:36.32	1.0	TT	168.79	5.72	504.25	394.25	Ring#2	450.31	450.4	0.0	-2.0	50581.53
08:36.32	1.0	TT	168.79	5.72	504.25	394.25	Ring#3	4.0	2.0	2.0	2.0	50581.53
08:36.37	1.0	RP	332.05	14.8	406.0	286.0	Ring#2	261.46	259.1	341.43	349.93	50581.53
08:36.37	1.0	TT	168.79	5.72	504.25	394.25	Ring#1	-1.0	-2.0	-2.0	-2.0	50581.53
08:36.37	1.0	TT	168.79	5.72	504.25	394.25	Ring#2	450.4	450.4	0.0	-2.0	50581.53
08:36.37	1.0	TT	168.79	5.72	504.25	394.25	Ring#3	4.0	2.0	2.0	2.0	50581.53
08:36.42	1.0	RP	332.13	14.85	406.0	286.0	Ring#2	261.38	259.55	341.61	350.42	50581.53
08:36.42	1.0	TT	168.82	5.77	504.25	394.25	Ring#1	-1.0	-2.0	-2.0	-2.0	50581.53
08:36.42	1.0	TT	168.82	5.77	504.25	394.25	Ring#2	450.34	450.45	0.0	-2.0	50581.53
08:36.42	1.0	TT	168.82	5.77	504.25	394.25	Ring#3	4.0	2.0	2.0	2.0	50581.53
08:36.47	1.0	RP	332.15	14.82	406.0	286.0	Ring#2	261.35	259.78	341.7	350.82	50581.53
08:36.47	1.0	TT	168.84	5.78	504.25	394.25	Ring#1	-1.0	-2.0	-2.0	-2.0	50581.53
08:36.47	1.0	TT	168.84	5.78	504.25	394.25	Ring#2	450.09	450.56	0.0	-2.0	50581.53
08:36.47	1.0	TT	168.84	5.78	504.25	394.25	Ring#3	4.0	2.0	2.0	2.0	50581.53
08:36.51	1.0	RP	332.13	14.78	406.0	286.0	Ring#2	260.92	259.91	341.29	351.1	50581.53
08:36.51	1.0	TT	168.83	5.78	504.25	394.25	Ring#1	-1.0	-2.0	-2.0	-2.0	50581.53
08:36.51	1.0	TT	168.83	5.78	504.25	394.25	Ring#2	449.78	450.52	0.0	-2.0	50581.53
08:36.51	1.0	TT	168.83	5.78	504.25	394.25	Ring#3	4.0	2.0	2.0	2.0	50581.53
08:36.55	1.0	RP	332.13	14.82	406.0	286.0	Ring#2	260.91	259.51	340.82	351.04	50581.53
08:36.55	1.0	TT	168.84	5.84	504.25	394.25	Ring#1	-1.0	-2.0	-2.0	-2.0	50581.53
08:36.55	1.0	TT	168.84	5.84	504.25	394.25	Ring#2	449.49	450.34	0.0	-2.0	50581.53
08:36.55	1.0	TT	168.84	5.84	504.25	394.25	Ring#3	4.0	2.0	2.0	2.0	50581.53
08:37.00	1.0	RP	332.06	14.82	406.0	286.0	Ring#2	260.95	259.44	340.37	350.86	50581.53
08:37.00	1.0	TT	168.86	5.88	504.25	394.25	Ring#1	-1.0	-2.0	-2.0	-2.0	50581.53
08:37.00	1.0	TT	168.86	5.88	504.25	394.25	Ring#2	449.58	450.15	0.0	-2.0	50581.53
08:37.00	1.0	TT	168.86	5.88	504.25	394.25	Ring#3	4.0	2.0	2.0	2.0	50581.53
08:37.05	1.0	RP	332.1	14.87	406.0	286.0	Ring#2	261.37	259.83	340.17	350.38	50581.53
08:37.05	1.0	TT	168.86	5.93	504.25	394.25	Ring#1	-1.0	-2.0	-2.0	-2.0	50581.53
08:37.05	1.0	TT	168.86	5.93	504.25	394.25	Ring#2	449.84	449.98	0.0	-2.0	50581.53
08:37.05	1.0	TT	168.86	5.93	504.25	394.25	Ring#3	4.0	2.0	2.0	2.0	50581.53
08:37.10	1.0	RP	332.0	14.92	406.0	286.0	Ring#2	261.12	259.56	340.58	349.92	50581.53
08:37.10	1.0	TT	168.86	6.01	504.25	394.25	Ring#1	-1.0	-2.0	-2.0	-2.0	50581.53
08:37.10	1.0	TT	168.86	6.01	504.25	394.25	Ring#2	450.2	449.88	0.0	-2.0	50581.53
08:37.10	1.0	TT	168.86	6.01	504.25	394.25	Ring#3	4.0	2.0	2.0	2.0	50581.53
08:37.15	1.0	RP	331.99	14.89	406.0	286.0	Ring#2	261.17	259.6	340.97	349.54	50581.53
08:37.15	1.0	TT	168.89	6.04	504.25	394.25	Ring#1	-1.0	-2.0	-2.0	-2.0	50581.53
08:37.15	1.0	TT	168.89	6.04	504.25	394.25	Ring#2	450.47	449.94	0.0	-2.0	50581.53
08:37.15	1.0	TT	168.89	6.04	504.25	394.25	Ring#3	4.0	2.0	2.0	2.0	50581.53
08:37.30	1.0	RP	331.96	14.85	406.0	286.0	Ring#2	261.03	259.56	341.32	349.82	50581.53
08:37.30	1.0	TT	168.89	6.04	504.25	394.25	Ring#1	-1.0	-2.0	-2.0	-2.0	50581.53
08:37.30	1.0	TT	168.89	6.04	504.25	394.25	Ring#2	450.46	450.19	0.0	-2.0	50581.53
08:37.30	1.0	TT	168.89	6.04	504.25	394.25	Ring#3	4.0	2.0	2.0	2.0	50581.53
08:37.35	1.0	RP	332.03	14.83	406.0	286.0	Ring#2	261.2	259.48	341.58	350.1	50581.53
08:37.35	1.0	TT	168.9	6.02	504.25	394.25	Ring#1	-1.0	-2.0	-2.0	-2.0	50581.53
08:37.35	1.0	TT	168.9	6.02	504.25	394.25	Ring#2	450.32	450.42	0.0	-2.0	50581.53
08:37.35	1.0	TT	168.9	6.02	504.25	394.25	Ring#3	4.0	2.0	2.0	2.0	50581.53
08:37.44	1.0	RP	332.11	14.85	406.0	286.0	Ring#2	260.91	259.32	341.65	350.48	50581.53
08:37.44	1.0	TT	168.89	5.99	504.25	394.25	Ring#1	-1.0	-2.0	-2.0	-2.0	50581.53
08:37.44	1.0	TT	168.89	5.99	504.25	394.25	Ring#2	450.13	450.37	0.0	-2.0	50581.53
08:37.44	1.0	TT	168.89	5.99	504.25	394.25	Ring#3	4.0	2.0	2.0	2.0	50581.53
08:37.50	1.0	RP	332.13	14.81	406.0	286.0	Ring#2	260.8	259.36	341.63	350.7	50581.53
08:37.50	1.0	TT	168.86	6.0	504.25	394.25	Ring#1	-1.0	-2.0	-2.0	-2.0	50581.53
08:37.50	1.0	TT	168.86	6.0	504.25	394.25	Ring#2	449.85	450.25	0.0	-2.0	50581.53
08:37.50	1.0	TT	168.86	6.0	504.25	394.25	Ring#3	4.0	2.0	2.0	2.0	50581.53
08:37.55	1.0	RP	332.12	14.81	406.0	286.0	Ring#2	261.1	259.37	341.23	350.87	50581.53
08:37.55	1.0	TT	168.81	6.01	504.25	394.25	Ring#1	-1.0	-2.0	-2.0	-2.0	50581.53
08:37.55	1.0	TT	168.81	6.01	504.25	394.25	Ring#2	449.64	450.09	0.0	-2.0	50581.53
08:37.55	1.0	TT	168.81	6.01	504.25	394.25	Ring#3	4.0	2.0	2.0	2.0	50581.53
08:38.04	1.0	RP	332.13	14.8	406.0	286.0	Ring#2	261.4	259.27	340.9	350.95	50581.53
08:38.04	1.0	TT	168.79	6.04	504.25	394.25	Ring#1	-1.0	-2.0	-2.0	-2.0	50581.53
08:38.04	1.0	TT	168.79	6.04	504.25	394.25	Ring#2	449.84	449.96	0.0	-2.0	50581.53
08:38.04	1.0	TT	168.79	6.04	504.25	394.25	Ring#3	4.0	2.0	2.0	2.0	50581.53
08:38.10	1.0	RP	332.04	14.83	406.0	286.0	Ring#2	261.3	259.65	340.57	350.53	50581.53
08:38.10	1.0	TT	168.78	6.03	504.25	394.25	Ring#1	-1.0	-2.0	-2.0	-2.0	50581.53
08:38.10	1.0	TT	168.78	6.03	504.25	394.25	Ring#2	450.02	450.02	0.0	-2.0	50581.53
08:38.10	1.0	TT	168.78	6.03	504.25	394.25	Ring#3	4.0	2.0	2.0	2.0	50581.53
08:38.16	1.0	RP	332.0	14.84	406.0	286.0	Ring#2	261.36	259.93	340.43	350.12	50581.53
08:38.16	1.0	TT	168.79	6.02	504.25	394.25	Ring#1	-1.0	-2.0	-2.0	-2.0	50581.53
08:38.16	1.0	TT	168.79	6.02	504.25	394.25	Ring#2	450.22	450.07	0.0	-2.0	50581.53
08:38.16	1.0	TT	168.79	6.02	504.25	394.25	Ring#3	4.0	2.0	2.0	2.0	50581.53
08:38.21	1.0	RP	331.92	14.83	406.0	286.0	Ring#2	261.51	259.75	340.61	349.79	50581.53
08:38.21	1.0	TT	168.81	6.02	504.25	394.25	Ring#1	-1.0	-2.0	-2.0	-2.0	50581.53
08:38.21	1.0	TT	168.81	6.02	504.25	394.25	Ring#2	450.43	450.12	0.0	-2.0	50581.53
08:38.21	1.0	TT	168.81	6.02	504.25	394.25	Ring#3	4.0	2.0	2.0	2.0	50581.53
08:38.27	1.0	RP	331.94	14.81	406.0	286.0	Ring#2	261.32	259.9	340.93	349.61	50581.53
08:38.27	1.0	TT	168.86	6.04	504.25	394.25	Ring#1	-1.0	-2.0	-2.0	-2.0	50581.53
08:38.27	1.0	TT	168.86	6.04	504.25	394.25	Ring#2	450.44	450.21	0.0	-2.0	50581.53
08:38.27	1.0	TT	168.86	6.04	504.25	394.25	Ring#3	4.0	2.0	2.0	2.0	50581.53
08:38.33	1.0	RP	331.94	14.81	406.0	286.0	Ring#2	261.01	260.01	341.11	349.79	50581.53
08:38.33	1.0	TT	168.88	6.07	504.25	394.25	Ring#1	-1.0	-2.0	-2.0	-2.0	50581.53
08:38.33	1.0	TT	168.88	6.07	504.25	394.25	Ring#2	450.15	450.29	0.0	-2.0	50581.53
08:38.33	1.0	TT	168.88	6.07	504.25	394.25	Ring#3	4.0	2.0	2.0	2.0	50581.53
08:38.38	1.0	RP	331.94	14.85	406.0	286.0	Ring#2	260.64	259.75	341.16	350.13	50581.53
08:38.38	1.0	TT	168.88	6.05	504.25	394.25	Ring#1	-1.0	-2.0	-2.0	-2.0	50581.53
08:38.38	1.0	TT	168.88	6.05	504.25	394.25	Ring#2	449.94	450.27	0.0	-2.0	50581.53
08:38.38	1.0	TT	168.88	6.05	504.25	394.25	Ring#3	4.0	2.0	2.0	2.0	50581.53
08:38.43	1.0	RP	331.94	14.86	406.0	286.0	Ring#2	260.45	259.44	341.12	350.44	50581.53
08:38.43	1.0	TT	168.87	6.03	504.25	394.25	Ring#1	-1.0	-2.0	-2.0	-2.0	50581.53
08:38.43	1.0	TT	168.87	6.03	504.25	394.25	Ring#2	449.91	450.17	0.0	-2.0	50581.53
08:38.43	1.0	TT	168.87	6.03	504.25	394.25	Ring#3	4.0	2.0	2.0	2.0	50581.53
08:38.48	1.0	RP	331.99	14.81	406.0	286.0	Ring#2	260.48	259.47	341.0	350.64	50581.53
08:38.48	1.0	TT	168.85	6.01	504.25	394.25	Ring#1	-1.0	-2.0	-2.0	-2.0	50581.53
08:38.48	1.0	TT	168.85	6.01	504.25	394.25	Ring#2	449.89	450.08	0.0	-2.0	50581.53
08:38.48	1.0	TT	168.85	6.01	504.25	394.25	Ring#3	4.0	2.0	2.0	2.0	50581.53
08:38.53	1.0	RP	332.03	14.84	406.0	286.0	Ring#2	260.81	259.57	340.66	350.75	50581.53
08:38.53	1.0	TT	168.83	6.01	504.25	394.25	Ring#1	-1.0	-2.0	-2.0	-2.0	50581.53
08:38.53	1.0	TT	168.83	6.01	504.25	394.25	Ring#2	449.95	450.08	0.0	-2.0	50581.53
08:38.53	1.0	TT	168.83	6.01	504.25	394.25	Ring#3	4.0	2.0	2.0	2.0	50581.53
08:38.59	1.0	RP	331.95	14.85	406.0	286.0	Ring#2	260.58	259.38	340.4	350.64	50581.53
08:38.59	1.0	TT	168.82	6.04	504.25	394.25	Ring#1	-1.0	-2.0	-2.0	-2.0	50581.53
08:38.59	1.0	TT	168.82	6.04	504.25	394.25	Ring#2	450.1	450.07	0.0	-2.0	50581.53
08:38.59	1.0	TT	168.82	6.04	504.25	394.25	Ring#3	4.0	2.0	2.0	2.0	50581.53
