============================ TCP01 FMEA - [SQL Query] Reports ======================================================
Time		Layer#	pID	pMean	pDev	UCL	LCL	RingID	Head1	Head2	Head3	Head4	EstPos
------------------------------------------------------------------------------------------------------
11:18.47	1	RF	288.01	23.75	406.0	286.0	Ring#2	263.62	263.79	342.9	342.17	0
11:29.43	1	RF	288.01	23.75	406.0	286.0	Ring#2	263.62	263.79	342.9	342.17	0
11:34.46	1	RF	288.01	23.75	406.0	286.0	Ring#2	263.62	263.79	342.9	342.17	0
11:40.54	1	RF	288.01	23.75	406.0	286.0	Ring#2	263.62	263.79	342.9	342.17	0
13:43.56	1	RF	333.12	17.99	406.0	286.0	Ring#2	263.62	263.79	342.91	352.27	0
13:43.56	1	TT	64.04	1.85	875.0	175.0	Ring#1	-1.0	-2.0	-2.0	-2.0	0
13:43.56	1	TT	64.04	1.85	875.0	175.0	Ring#2	452.15	449.4	0.0	-2.0	0
13:43.56	1	TT	64.04	1.85	875.0	175.0	Ring#3	4.0	2.0	2.0	2.0	0
13:43.56	1	TT	64.04	1.85	875.0	175.0	Ring#4	28.65	32.05	30.9	30.45	0
13:43.56	1	DT	0	1.36	30.5	0.5	Ring#1	0.0	0.0	0.0	0.0	0
13:43.56	1	DT	0	1.36	30.5	0.5	Ring#2	-3.45	-0.6	0.0	0.0	0
13:43.56	1	DT	0	1.36	30.5	0.5	Ring#3	0.0	0.0	0.0	0.0	0
13:43.56	1	DT	0	1.36	30.5	0.5	Ring#3	-1.95	-2.4	-1.95	-2.2	0
13:44.00	1	RF	333.12	17.99	406.0	286.0	Ring#2	263.62	263.79	342.91	352.27	0
13:44.01	1	TT	64.04	1.85	875.0	175.0	Ring#1	-1.0	-2.0	-2.0	-2.0	0
13:44.01	1	TT	64.04	1.85	875.0	175.0	Ring#2	452.15	449.4	0.0	-2.0	0
13:44.01	1	TT	64.04	1.85	875.0	175.0	Ring#3	4.0	2.0	2.0	2.0	0
13:44.01	1	TT	64.04	1.85	875.0	175.0	Ring#4	28.65	32.05	30.9	30.45	0
13:44.01	1	DT	0	1.36	30.5	0.5	Ring#1	0.0	0.0	0.0	0.0	0
13:44.01	1	DT	0	1.36	30.5	0.5	Ring#2	-3.45	-0.6	0.0	0.0	0
13:44.01	1	DT	0	1.36	30.5	0.5	Ring#3	0.0	0.0	0.0	0.0	0
13:44.01	1	DT	0	1.36	30.5	0.5	Ring#3	-1.95	-2.4	-1.95	-2.2	0
13:47.23	1	RF	333.12	17.99	406.0	286.0	Ring#2	263.62	263.79	342.91	352.27	0
13:47.23	1	TT	64.04	1.85	875.0	175.0	Ring#1	-1.0	-2.0	-2.0	-2.0	0
13:47.23	1	TT	64.04	1.85	875.0	175.0	Ring#2	452.15	449.4	0.0	-2.0	0
13:47.23	1	TT	64.04	1.85	875.0	175.0	Ring#3	4.0	2.0	2.0	2.0	0
13:47.23	1	TT	64.04	1.85	875.0	175.0	Ring#4	28.65	32.05	30.9	30.45	0
13:47.23	1	DT	0	1.36	30.5	0.5	Ring#1	0.0	0.0	0.0	0.0	0
13:47.24	1	DT	0	1.36	30.5	0.5	Ring#2	-3.45	-0.6	0.0	0.0	0
13:47.24	1	DT	0	1.36	30.5	0.5	Ring#3	0.0	0.0	0.0	0.0	0
13:47.24	1	DT	0	1.36	30.5	0.5	Ring#3	-1.95	-2.4	-1.95	-2.2	0
13:47.26	1	RF	333.12	17.99	406.0	286.0	Ring#2	263.62	263.79	342.91	352.27	0
13:47.26	1	TT	64.04	1.85	875.0	175.0	Ring#1	-1.0	-2.0	-2.0	-2.0	0
13:47.26	1	TT	64.04	1.85	875.0	175.0	Ring#2	452.15	449.4	0.0	-2.0	0
13:47.26	1	TT	64.04	1.85	875.0	175.0	Ring#3	4.0	2.0	2.0	2.0	0
13:47.26	1	TT	64.04	1.85	875.0	175.0	Ring#4	28.65	32.05	30.9	30.45	0
13:47.26	1	DT	0	1.36	30.5	0.5	Ring#1	0.0	0.0	0.0	0.0	0
13:47.26	1	DT	0	1.36	30.5	0.5	Ring#2	-3.45	-0.6	0.0	0.0	0
13:47.26	1	DT	0	1.36	30.5	0.5	Ring#3	0.0	0.0	0.0	0.0	0
13:47.26	1	DT	0	1.36	30.5	0.5	Ring#3	-1.95	-2.4	-1.95	-2.2	0
13:47.31	1	RF	333.12	17.99	406.0	286.0	Ring#2	263.62	263.79	342.91	352.27	0
13:47.31	1	TT	64.04	1.85	875.0	175.0	Ring#1	-1.0	-2.0	-2.0	-2.0	0
13:47.31	1	TT	64.04	1.85	875.0	175.0	Ring#2	452.15	449.4	0.0	-2.0	0
13:47.31	1	TT	64.04	1.85	875.0	175.0	Ring#3	4.0	2.0	2.0	2.0	0
13:47.31	1	TT	64.04	1.85	875.0	175.0	Ring#4	28.65	32.05	30.9	30.45	0
13:47.32	1	DT	0	1.36	30.5	0.5	Ring#1	0.0	0.0	0.0	0.0	0
13:47.32	1	DT	0	1.36	30.5	0.5	Ring#2	-3.45	-0.6	0.0	0.0	0
13:47.32	1	DT	0	1.36	30.5	0.5	Ring#3	0.0	0.0	0.0	0.0	0
13:47.32	1	DT	0	1.36	30.5	0.5	Ring#3	-1.95	-2.4	-1.95	-2.2	0
13:47.35	1	RF	330.22	25.79	406.0	286.0	Ring#2	259.91	260.03	319.55	313.13	50901.11
13:47.35	1	TT	63.62	2.14	875.0	175.0	Ring#1	-1.0	-2.0	-2.0	-2.0	50901.11
13:47.35	1	TT	63.62	2.14	875.0	175.0	Ring#2	449.15	451.1	0.0	-2.0	50901.11
13:47.35	1	TT	63.62	2.14	875.0	175.0	Ring#3	4.0	2.0	2.0	2.0	50901.11
13:47.35	1	TT	63.62	2.14	875.0	175.0	Ring#4	28.2	27.75	31.0	29.8	50901.11
13:47.36	1	DT	0	1.36	30.5	0.5	Ring#1	0.0	0.0	0.0	0.0	50901.11
13:47.36	1	DT	0	1.36	30.5	0.5	Ring#2	-2.1	-3.0	0.0	0.0	50901.11
13:47.36	1	DT	0	1.36	30.5	0.5	Ring#3	0.0	0.0	0.0	0.0	50901.11
13:47.36	1	DT	0	1.36	30.5	0.5	Ring#3	-1.85	-2.55	-2.0	-2.3	50901.11
13:47.43	2	RF	327.53	27.76	406.0	286.0	Ring#2	262.05	257.37	295.52	298.69	-415.51
13:47.43	2	TT	63.64	2.14	875.0	175.0	Ring#1	-1.0	-2.0	-2.0	-2.0	-415.51
13:47.43	2	TT	63.64	2.14	875.0	175.0	Ring#2	450.1	449.5	0.0	-2.0	-415.51
13:47.43	2	TT	63.64	2.14	875.0	175.0	Ring#3	4.0	2.0	2.0	2.0	-415.51
13:47.43	2	TT	63.64	2.14	875.0	175.0	Ring#4	28.7	28.0	31.0	30.0	-415.51
13:47.43	2	DT	0	1.36	30.5	0.5	Ring#1	0.0	0.0	0.0	0.0	-415.51
13:47.43	2	DT	346.0	1.36	23.0	8.0	Ring#2	1.75	2.25	0.0	0.0	-415.51
13:47.43	2	DT	0	1.36	30.5	0.5	Ring#3	0.0	0.0	0.0	0.0	-415.51
13:47.43	2	DT	0	1.36	30.5	0.5	Ring#3	-2.0	-2.4	-1.7	-2.3	-415.51
13:47.48	2	RF	332.33	19.72	406.0	286.0	Ring#2	262.56	261.85	326.34	349.71	12.5
13:47.48	2	TT	63.76	2.44	875.0	175.0	Ring#1	-1.0	-2.0	-2.0	-2.0	12.5
13:47.48	2	TT	63.76	2.44	875.0	175.0	Ring#2	452.05	449.75	0.0	-2.0	12.5
13:47.48	2	TT	63.76	2.44	875.0	175.0	Ring#3	4.0	2.0	2.0	2.0	12.5
13:47.48	2	TT	63.76	2.44	875.0	175.0	Ring#4	27.9	28.5	31.0	29.9	12.5
13:47.48	2	DT	0	1.36	30.5	0.5	Ring#1	0.0	0.0	0.0	0.0	12.5
13:47.49	2	DT	0	1.36	30.5	0.5	Ring#2	-2.55	-0.45	0.0	0.0	12.5
13:47.49	2	DT	0	1.36	30.5	0.5	Ring#3	0.0	0.0	0.0	0.0	12.5
13:47.49	2	DT	0	1.36	30.5	0.5	Ring#3	-1.9	-2.9	-1.0	-2.4	12.5
13:47.55	2	RF	333.03	16.91	406.0	286.0	Ring#2	255.97	257.37	345.22	354.72	670.03
13:47.55	2	TT	63.52	2.06	875.0	175.0	Ring#1	-1.0	-2.0	-2.0	-2.0	670.03
13:47.55	2	TT	63.52	2.06	875.0	175.0	Ring#2	448.6	449.7	0.0	-2.0	670.03
13:47.55	2	TT	63.52	2.06	875.0	175.0	Ring#3	4.0	2.0	2.0	2.0	670.03
13:47.55	2	TT	63.52	2.06	875.0	175.0	Ring#4	28.55	28.3	30.2	30.0	670.03
13:47.55	2	DT	0	1.36	30.5	0.5	Ring#1	0.0	0.0	0.0	0.0	670.03
13:47.55	2	DT	346.0	1.36	23.0	8.0	Ring#2	1.45	-0.5	0.0	0.0	670.03
13:47.56	2	DT	0	1.36	30.5	0.5	Ring#3	0.0	0.0	0.0	0.0	670.03
13:47.56	2	DT	0	1.36	30.5	0.5	Ring#3	-1.9	-2.5	-1.65	-2.0	670.03
13:48.01	2	RF	332.85	16.95	406.0	286.0	Ring#2	259.52	255.44	344.4	347.68	1324.53
13:48.01	2	TT	63.7	2.33	875.0	175.0	Ring#1	-1.0	-2.0	-2.0	-2.0	1324.53
13:48.01	2	TT	63.7	2.33	875.0	175.0	Ring#2	450.25	450.5	0.0	-2.0	1324.53
13:48.01	2	TT	63.7	2.33	875.0	175.0	Ring#3	4.0	2.0	2.0	2.0	1324.53
13:48.02	2	TT	63.7	2.33	875.0	175.0	Ring#4	28.75	28.15	30.8	29.8	1324.53
13:48.02	2	DT	0	1.36	30.5	0.5	Ring#1	0.0	0.0	0.0	0.0	1324.53
13:48.02	2	DT	0	1.36	30.5	0.5	Ring#2	0.2	-0.5	0.0	0.0	1324.53
13:48.02	2	DT	0	1.36	30.5	0.5	Ring#3	0.0	0.0	0.0	0.0	1324.53
13:48.02	2	DT	0	1.36	30.5	0.5	Ring#3	-1.9	-2.55	-2.0	-2.25	1324.53
13:48.07	2	RF	331.05	20.72	406.0	286.0	Ring#2	261.9	261.22	340.85	345.79	1984.18
13:48.07	2	TT	95.39	53.26	875.0	175.0	Ring#1	-1.0	-2.0	-2.0	-2.0	1984.18
13:48.07	2	TT	95.39	53.26	875.0	175.0	Ring#2	451.1	449.95	0.0	-2.0	1984.18
13:48.07	2	TT	95.39	53.26	875.0	175.0	Ring#3	4.0	2.0	2.0	2.0	1984.18
13:48.07	2	TT	95.39	53.26	700.0	350.0	Ring#4	278.5	285.15	30.0	30.5	1984.18
13:48.07	2	DT	0	1.36	30.5	0.5	Ring#1	0.0	0.0	0.0	0.0	1984.18
13:48.07	2	DT	346.0	1.36	23.0	8.0	Ring#2	0.05	1.5	0.0	0.0	1984.18
13:48.07	2	DT	0	1.36	30.5	0.5	Ring#3	0.0	0.0	0.0	0.0	1984.18
13:48.07	2	DT	0	1.36	30.5	0.5	Ring#3	-48.05	-73.1	-1.75	-2.35	1984.18
13:48.15	2	RF	332.34	18.57	406.0	286.0	Ring#2	262.17	260.49	341.76	345.88	2633.58
13:48.15	2	TT	114.66	13.72	875.0	175.0	Ring#1	-1.0	-2.0	-2.0	-2.0	2633.58
13:48.15	2	TT	114.66	13.72	875.0	175.0	Ring#2	446.8	450.8	0.0	-2.0	2633.58
13:48.15	2	TT	114.66	13.72	875.0	175.0	Ring#3	4.0	2.0	2.0	2.0	2633.58
13:48.16	2	TT	114.66	13.72	875.0	175.0	Ring#4	448.5	426.55	30.9	30.0	2633.58
13:48.16	2	DT	0	1.36	30.5	0.5	Ring#1	0.0	0.0	0.0	0.0	2633.58
13:48.16	2	DT	346.0	1.36	23.0	8.0	Ring#2	1.3	-0.95	0.0	0.0	2633.58
13:48.16	2	DT	0	1.36	30.5	0.5	Ring#3	0.0	0.0	0.0	0.0	2633.58
13:48.16	2	DT	0	1.36	23.0	8.0	Ring#3	17.35	3.25	-1.9	-2.25	2633.58
13:48.20	2	RF	331.97	16.32	406.0	286.0	Ring#2	262.2	257.56	341.89	348.06	3288.07
13:48.20	2	TT	116.33	4.69	875.0	175.0	Ring#1	-1.0	-2.0	-2.0	-2.0	3288.07
13:48.20	2	TT	116.33	4.69	875.0	175.0	Ring#2	449.6	449.05	0.0	-2.0	3288.07
13:48.20	2	TT	116.33	4.69	875.0	175.0	Ring#3	4.0	2.0	2.0	2.0	3288.07
13:48.20	2	TT	116.33	4.69	875.0	175.0	Ring#4	449.1	451.8	31.0	29.75	3288.07
13:48.20	2	DT	0	1.36	30.5	0.5	Ring#1	0.0	0.0	0.0	0.0	3288.07
13:48.20	2	DT	0	1.36	30.5	0.5	Ring#2	-1.1	-0.15	0.0	0.0	3288.07
13:48.20	2	DT	0	1.36	30.5	0.5	Ring#3	0.0	0.0	0.0	0.0	3288.07
13:48.20	2	DT	0	1.36	23.0	8.0	Ring#3	4.0	2.15	-1.45	-2.15	3288.07
13:48.25	2	RF	333.06	16.58	406.0	286.0	Ring#2	263.08	262.51	344.63	349.32	3946.44
13:48.25	2	TT	116.45	4.07	875.0	175.0	Ring#1	-1.0	-2.0	-2.0	-2.0	3946.44
13:48.25	2	TT	116.45	4.07	875.0	175.0	Ring#2	451.3	449.75	0.0	-2.0	3946.44
13:48.25	2	TT	116.45	4.07	875.0	175.0	Ring#3	4.0	2.0	2.0	2.0	3946.44
13:48.25	2	TT	116.45	4.07	875.0	175.0	Ring#4	450.55	450.1	31.0	29.55	3946.44
13:48.25	2	DT	0	1.36	30.5	0.5	Ring#1	0.0	0.0	0.0	0.0	3946.44
13:48.25	2	DT	346.0	1.36	23.0	8.0	Ring#2	-0.3	0.9	0.0	0.0	3946.44
13:48.25	2	DT	0	1.36	30.5	0.5	Ring#3	0.0	0.0	0.0	0.0	3946.44
13:48.25	2	DT	0	1.36	30.5	0.5	Ring#3	-5.7	-8.75	-1.0	-2.4	3946.44
13:48.40	2	RF	332.74	16.11	406.0	286.0	Ring#2	262.29	259.93	343.62	350.34	4600.55
13:48.40	2	TT	116.18	4.59	875.0	175.0	Ring#1	-1.0	-2.0	-2.0	-2.0	4600.55
13:48.40	2	TT	116.18	4.59	875.0	175.0	Ring#2	448.2	450.65	0.0	-2.0	4600.55
13:48.40	2	TT	116.18	4.59	875.0	175.0	Ring#3	4.0	2.0	2.0	2.0	4600.55
13:48.40	2	TT	116.18	4.59	875.0	175.0	Ring#4	449.5	447.45	31.8	30.3	4600.55
13:48.40	2	DT	0	1.36	30.5	0.5	Ring#1	0.0	0.0	0.0	0.0	4600.55
13:48.40	2	DT	346.0	1.36	23.0	8.0	Ring#2	1.5	-1.95	0.0	0.0	4600.55
13:48.40	2	DT	0	1.36	30.5	0.5	Ring#3	0.0	0.0	0.0	0.0	4600.55
13:48.40	2	DT	0	1.36	23.0	8.0	Ring#3	2.85	1.7	-0.9	-2.0	4600.55
13:48.42	2	RF	334.34	15.66	406.0	286.0	Ring#2	263.63	258.98	344.85	351.42	5255.08
13:48.42	2	TT	116.65	5.81	875.0	175.0	Ring#1	-1.0	-2.0	-2.0	-2.0	5255.08
13:48.42	2	TT	116.65	5.81	875.0	175.0	Ring#2	451.0	449.05	0.0	-2.0	5255.08
13:48.42	2	TT	116.65	5.81	875.0	175.0	Ring#3	4.0	2.0	2.0	2.0	5255.08
13:48.42	2	TT	116.65	5.81	875.0	175.0	Ring#4	451.25	452.35	32.3	29.45	5255.08
13:48.42	2	DT	0	1.36	30.5	0.5	Ring#1	0.0	0.0	0.0	0.0	5255.08
13:48.42	2	DT	346.0	1.36	23.0	8.0	Ring#2	1.25	2.8	0.0	0.0	5255.08
13:48.42	2	DT	0	1.36	30.5	0.5	Ring#3	0.0	0.0	0.0	0.0	5255.08
13:48.42	2	DT	0	1.36	30.5	0.5	Ring#3	-0.35	-1.4	-1.3	-2.2	5255.08
13:48.56	2	RF	331.53	17.41	406.0	286.0	Ring#2	258.86	259.97	344.72	349.83	5907.88
13:48.56	2	TT	126.18	37.36	875.0	175.0	Ring#1	-1.0	-2.0	-2.0	-2.0	5907.88
13:48.56	2	TT	126.18	37.36	875.0	175.0	Ring#2	451.3	450.1	0.0	-2.0	5907.88
13:48.56	2	TT	126.18	37.36	875.0	175.0	Ring#3	4.0	2.0	2.0	2.0	5907.88
13:48.56	2	TT	126.18	37.36	875.0	175.0	Ring#4	448.75	448.3	121.6	97.75	5907.88
13:48.56	2	DT	0	1.36	30.5	0.5	Ring#1	0.0	0.0	0.0	0.0	5907.88
13:48.56	2	DT	0	1.36	30.5	0.5	Ring#2	-3.55	-2.2	0.0	0.0	5907.88
13:48.56	2	DT	0	1.36	30.5	0.5	Ring#3	0.0	0.0	0.0	0.0	5907.88
13:48.56	2	DT	0	1.36	23.0	8.0	Ring#3	-0.75	1.8	-12.5	5.1	5907.88
13:48.59	2	RF	331.01	18.52	406.0	286.0	Ring#2	258.94	259.62	342.59	349.51	6560.72
13:48.59	2	RF	331.01	18.52	406.0	286.0	Ring#3	365.51	333.7	323.15	282.61	6560.72
13:48.59	2	TT	167.68	12.63	875.0	175.0	Ring#1	-1.0	-2.0	-2.0	-2.0	6560.72
13:48.59	2	TT	167.68	12.63	875.0	175.0	Ring#2	449.35	450.7	0.0	-2.0	6560.72
13:48.59	2	TT	167.68	12.63	875.0	175.0	Ring#3	4.0	2.0	2.0	2.0	6560.72
13:48.59	2	DT	0	1.36	30.5	0.5	Ring#1	0.0	0.0	0.0	0.0	6560.72
13:48.59	2	DT	0	1.36	30.5	0.5	Ring#2	-2.5	-3.3	0.0	0.0	6560.72
13:48.59	2	DT	0	1.36	30.5	0.5	Ring#3	0.0	0.0	0.0	0.0	6560.72
13:48.59	2	DT	0	1.36	30.5	0.5	Ring#3	-2.0	-1.85	-144.0	-0.85	6560.72
13:49.06	2	RF	332.03	18.64	406.0	286.0	Ring#2	261.73	262.36	345.19	351.44	7215.24
13:49.06	2	TT	164.99	9.49	875.0	175.0	Ring#1	-1.0	-2.0	-2.0	-2.0	7215.24
13:49.06	2	TT	164.99	9.49	875.0	175.0	Ring#2	450.4	450.0	0.0	-2.0	7215.24
13:49.06	2	TT	164.99	9.49	875.0	175.0	Ring#3	4.0	2.0	2.0	2.0	7215.24
13:49.06	2	DT	0	1.36	30.5	0.5	Ring#1	0.0	0.0	0.0	0.0	7215.24
13:49.06	2	DT	346.0	1.36	23.0	8.0	Ring#2	-0.35	4.1	0.0	0.0	7215.24
13:49.06	2	DT	0	1.36	30.5	0.5	Ring#3	0.0	0.0	0.0	0.0	7215.24
13:49.07	2	DT	0	1.36	23.0	8.0	Ring#3	4.75	8.3	12.05	4.45	7215.24
13:49.09	2	RF	333.25	16.15	406.0	286.0	Ring#2	262.04	261.55	344.78	351.03	7869.76
13:49.09	2	TT	170.16	8.33	875.0	175.0	Ring#1	-1.0	-2.0	-2.0	-2.0	7869.76
13:49.10	2	TT	170.16	8.33	875.0	175.0	Ring#2	451.85	451.5	0.0	-2.0	7869.76
13:49.10	2	TT	170.16	8.33	875.0	175.0	Ring#3	4.0	2.0	2.0	2.0	7869.76
13:49.10	2	DT	0	1.36	30.5	0.5	Ring#1	0.0	0.0	0.0	0.0	7869.76
13:49.10	2	DT	0	1.36	30.5	0.5	Ring#2	-0.05	-1.1	0.0	0.0	7869.76
13:49.10	2	DT	0	1.36	30.5	0.5	Ring#3	0.0	0.0	0.0	0.0	7869.76
13:49.10	2	DT	0	1.36	23.0	8.0	Ring#3	0.75	-2.1	51.95	4.25	7869.76
13:49.16	2	RF	332.47	15.97	406.0	286.0	Ring#2	260.6	257.88	344.72	352.1	8524.26
13:49.16	2	TT	168.75	5.82	875.0	175.0	Ring#1	-1.0	-2.0	-2.0	-2.0	8524.26
13:49.16	2	TT	168.75	5.82	875.0	175.0	Ring#2	449.1	448.75	0.0	-2.0	8524.26
13:49.16	2	TT	168.75	5.82	875.0	175.0	Ring#3	4.0	2.0	2.0	2.0	8524.26
13:49.16	2	DT	0	1.36	30.5	0.5	Ring#1	0.0	0.0	0.0	0.0	8524.26
13:49.16	2	DT	346.0	1.36	23.0	8.0	Ring#2	2.7	-0.45	0.0	0.0	8524.26
13:49.16	2	DT	0	1.36	30.5	0.5	Ring#3	0.0	0.0	0.0	0.0	8524.26
13:49.16	2	DT	0	1.36	23.0	8.0	Ring#3	-3.25	-1.8	4.9	5.0	8524.26
13:49.32	2	RF	332.8	15.72	406.0	286.0	Ring#2	258.99	259.1	345.81	349.64	9180.48
13:49.32	2	TT	168.84	5.54	875.0	175.0	Ring#1	-1.0	-2.0	-2.0	-2.0	9180.48
13:49.32	2	TT	168.84	5.54	875.0	175.0	Ring#2	450.45	449.05	0.0	-2.0	9180.48
13:49.32	2	TT	168.84	5.54	875.0	175.0	Ring#3	4.0	2.0	2.0	2.0	9180.48
13:49.32	2	DT	0	1.36	30.5	0.5	Ring#1	0.0	0.0	0.0	0.0	9180.48
13:49.32	2	DT	346.0	1.36	23.0	8.0	Ring#2	-0.75	1.5	0.0	0.0	9180.48
13:49.32	2	DT	0	1.36	30.5	0.5	Ring#3	0.0	0.0	0.0	0.0	9180.48
13:49.32	2	DT	0	1.36	30.5	0.5	Ring#3	-5.05	-6.35	-6.0	-10.0	9180.48
13:49.44	2	RF	331.64	14.46	406.0	286.0	Ring#2	259.86	263.41	343.49	345.63	9843.53
13:49.45	2	TT	168.78	5.27	875.0	175.0	Ring#1	-1.0	-2.0	-2.0	-2.0	9843.53
13:49.45	2	TT	168.78	5.27	875.0	175.0	Ring#2	451.45	451.3	0.0	-2.0	9843.53
13:49.45	2	TT	168.78	5.27	875.0	175.0	Ring#3	4.0	2.0	2.0	2.0	9843.53
13:49.45	2	DT	0	1.36	30.5	0.5	Ring#1	0.0	0.0	0.0	0.0	9843.53
13:49.45	2	DT	0	1.36	30.5	0.5	Ring#2	-0.9	-0.35	0.0	0.0	9843.53
13:49.45	2	DT	0	1.36	30.5	0.5	Ring#3	0.0	0.0	0.0	0.0	9843.53
13:49.45	2	DT	0	1.36	23.0	8.0	Ring#3	2.5	6.55	-6.2	-7.3	9843.53
13:49.47	2	RF	333.9	13.87	406.0	286.0	Ring#2	264.22	260.75	344.93	354.45	10499.75
13:49.47	2	TT	168.66	5.64	875.0	175.0	Ring#1	-1.0	-2.0	-2.0	-2.0	10499.75
13:49.47	2	TT	168.66	5.64	875.0	175.0	Ring#2	448.05	449.25	0.0	-2.0	10499.75
13:49.47	2	TT	168.66	5.64	875.0	175.0	Ring#3	4.0	2.0	2.0	2.0	10499.75
13:49.47	2	DT	0	1.36	30.5	0.5	Ring#1	0.0	0.0	0.0	0.0	10499.75
13:49.47	2	DT	346.0	1.36	23.0	8.0	Ring#2	1.0	-1.1	0.0	0.0	10499.75
13:49.48	2	DT	0	1.36	30.5	0.5	Ring#3	0.0	0.0	0.0	0.0	10499.75
13:49.48	2	DT	0	1.36	30.5	0.5	Ring#3	-1.95	-4.35	-2.45	-3.0	10499.75
13:49.59	2	RF	333.23	14.56	406.0	286.0	Ring#2	264.46	260.52	340.9	352.45	11149.15
13:49.59	2	TT	168.65	5.97	875.0	175.0	Ring#1	-1.0	-2.0	-2.0	-2.0	11149.15
13:49.59	2	TT	168.65	5.97	875.0	175.0	Ring#2	450.29	449.24	0.0	-2.0	11149.15
13:49.59	2	TT	168.65	5.97	875.0	175.0	Ring#3	4.0	2.0	2.0	2.0	11149.15
13:50.00	2	DT	0	1.36	30.5	0.5	Ring#1	0.0	0.0	0.0	0.0	11149.15
13:50.00	2	DT	346.0	1.36	23.0	8.0	Ring#2	0.19	0.9	0.0	0.0	11149.15
13:50.00	2	DT	0	1.36	30.5	0.5	Ring#3	0.0	0.0	0.0	0.0	11149.15
13:50.00	2	DT	0	1.36	23.0	8.0	Ring#3	-0.62	1.1	-0.43	4.29	11149.15
13:50.03	2	RF	331.98	14.92	406.0	286.0	Ring#2	261.07	258.85	338.42	351.07	11801.93
13:50.03	2	TT	169.05	6.26	875.0	175.0	Ring#1	-1.0	-2.0	-2.0	-2.0	11801.93
13:50.03	2	TT	169.05	6.26	875.0	175.0	Ring#2	452.0	450.23	0.0	-2.0	11801.93
13:50.03	2	TT	169.05	6.26	875.0	175.0	Ring#3	4.0	2.0	2.0	2.0	11801.93
13:50.03	2	DT	0	1.36	30.5	0.5	Ring#1	0.0	0.0	0.0	0.0	11801.93
13:50.03	2	DT	0	1.36	30.5	0.5	Ring#2	-3.32	0.32	0.0	0.0	11801.93
13:50.03	2	DT	0	1.36	30.5	0.5	Ring#3	0.0	0.0	0.0	0.0	11801.93
13:50.03	2	DT	0	1.36	30.5	0.5	Ring#3	-0.45	-1.41	-4.45	-0.32	11801.93
13:50.19	2	RF	332.74	14.86	406.0	286.0	Ring#2	261.17	262.21	337.86	350.54	12449.65
13:50.19	2	TT	168.96	5.88	875.0	175.0	Ring#1	-1.0	-2.0	-2.0	-2.0	12449.65
13:50.19	2	TT	168.96	5.88	875.0	175.0	Ring#2	449.78	451.22	0.0	-2.0	12449.65
13:50.19	2	TT	168.96	5.88	875.0	175.0	Ring#3	4.0	2.0	2.0	2.0	12449.65
13:50.19	2	DT	0	1.36	30.5	0.5	Ring#1	0.0	0.0	0.0	0.0	12449.65
13:50.19	2	DT	0	1.36	30.5	0.5	Ring#2	0.13	-0.3	0.0	0.0	12449.65
13:50.19	2	DT	0	1.36	30.5	0.5	Ring#3	0.0	0.0	0.0	0.0	12449.65
13:50.19	2	DT	0	1.36	23.0	8.0	Ring#3	1.78	5.26	3.96	-1.65	12449.65
13:50.22	2	RF	332.18	14.86	406.0	286.0	Ring#2	261.69	261.18	338.37	350.25	13109.3
13:50.22	2	TT	168.67	6.38	875.0	175.0	Ring#1	-1.0	-2.0	-2.0	-2.0	13109.3
13:50.22	2	TT	168.67	6.38	875.0	175.0	Ring#2	449.29	450.58	0.0	-2.0	13109.3
13:50.22	2	TT	168.67	6.38	875.0	175.0	Ring#3	4.0	2.0	2.0	2.0	13109.3
13:50.22	2	DT	0	1.36	30.5	0.5	Ring#1	0.0	0.0	0.0	0.0	13109.3
13:50.22	2	DT	346.0	1.36	23.0	8.0	Ring#2	0.42	1.58	0.0	0.0	13109.3
13:50.22	2	DT	0	1.36	30.5	0.5	Ring#3	0.0	0.0	0.0	0.0	13109.3
13:50.22	2	DT	0	1.36	23.0	8.0	Ring#3	2.21	1.25	5.17	3.5	13109.3
13:50.34	2	RF	331.78	15.0	406.0	286.0	Ring#2	263.41	260.14	336.95	350.27	13767.25
13:50.35	2	TT	168.68	6.26	875.0	175.0	Ring#1	-1.0	-2.0	-2.0	-2.0	13767.25
13:50.35	2	TT	168.68	6.26	875.0	175.0	Ring#2	450.0	450.92	0.0	-2.0	13767.25
13:50.35	2	TT	168.68	6.26	875.0	175.0	Ring#3	4.0	2.0	2.0	2.0	13767.25
13:50.35	2	DT	0	1.36	30.5	0.5	Ring#1	0.0	0.0	0.0	0.0	13767.25
13:50.35	2	DT	0	1.36	30.5	0.5	Ring#2	-1.92	-3.48	0.0	0.0	13767.25
13:50.35	2	DT	0	1.36	30.5	0.5	Ring#3	0.0	0.0	0.0	0.0	13767.25
13:50.35	2	DT	0	1.36	30.5	0.5	Ring#3	-2.64	-4.12	-3.44	-0.6	13767.25
13:50.46	2	RF	332.77	14.9	406.0	286.0	Ring#2	264.52	258.52	336.64	350.23	14423.47
13:50.46	2	TT	168.63	7.08	875.0	175.0	Ring#1	-1.0	-2.0	-2.0	-2.0	14423.47
13:50.46	2	TT	168.63	7.08	875.0	175.0	Ring#2	451.15	449.27	0.0	-2.0	14423.47
13:50.46	2	TT	168.63	7.08	875.0	175.0	Ring#3	4.0	2.0	2.0	2.0	14423.47
13:50.46	2	DT	0	1.36	30.5	0.5	Ring#1	0.0	0.0	0.0	0.0	14423.47
13:50.46	2	DT	0	1.36	30.5	0.5	Ring#2	-3.08	-1.85	0.0	0.0	14423.47
13:50.46	2	DT	0	1.36	30.5	0.5	Ring#3	0.0	0.0	0.0	0.0	14423.47
13:50.47	2	DT	0	1.36	23.0	8.0	Ring#3	1.0	0.54	-0.23	-3.81	14423.47
13:50.50	2	RF	331.91	14.75	406.0	286.0	Ring#2	256.22	253.65	334.51	348.68	15072.88
13:50.50	2	TT	169.1	5.99	875.0	175.0	Ring#1	-1.0	-2.0	-2.0	-2.0	15072.88
13:50.50	2	TT	169.1	5.99	875.0	175.0	Ring#2	450.67	449.96	0.0	-2.0	15072.88
13:50.50	2	TT	169.1	5.99	875.0	175.0	Ring#3	4.0	2.0	2.0	2.0	15072.88
13:50.50	2	DT	0	1.36	30.5	0.5	Ring#1	0.0	0.0	0.0	0.0	15072.88
13:50.50	2	DT	0	1.36	30.5	0.5	Ring#2	-5.74	-0.56	0.0	0.0	15072.88
13:50.50	2	DT	0	1.36	30.5	0.5	Ring#3	0.0	0.0	0.0	0.0	15072.88
13:50.50	2	DT	0	1.36	23.0	8.0	Ring#3	2.11	0.56	3.26	0.52	15072.88
13:51.00	2	RF	331.05	14.83	406.0	286.0	Ring#2	256.93	255.89	335.16	348.8	15734.2
13:51.01	2	TT	168.58	5.0	875.0	175.0	Ring#1	-1.0	-2.0	-2.0	-2.0	15734.2
13:51.01	2	TT	168.58	5.0	875.0	175.0	Ring#2	450.5	450.07	0.0	-2.0	15734.2
13:51.01	2	TT	168.58	5.0	875.0	175.0	Ring#3	4.0	2.0	2.0	2.0	15734.2
13:51.01	2	DT	0	1.36	30.5	0.5	Ring#1	0.0	0.0	0.0	0.0	15734.2
13:51.01	2	DT	346.0	1.36	23.0	8.0	Ring#2	1.5	0.0	0.0	0.0	15734.2
13:51.01	2	DT	0	1.36	30.5	0.5	Ring#3	0.0	0.0	0.0	0.0	15734.2
13:51.01	2	DT	0	1.36	23.0	8.0	Ring#3	-1.04	0.21	10.43	6.57	15734.2
13:51.07	2	RF	331.51	14.86	406.0	286.0	Ring#2	257.98	260.97	337.69	348.61	16380.18
13:51.07	2	TT	168.61	5.0	875.0	175.0	Ring#1	-1.0	-2.0	-2.0	-2.0	16380.18
13:51.08	2	TT	168.61	5.0	875.0	175.0	Ring#2	449.24	449.31	0.0	-2.0	16380.18
13:51.08	2	TT	168.61	5.0	875.0	175.0	Ring#3	4.0	2.0	2.0	2.0	16380.18
13:51.08	2	DT	0	1.36	30.5	0.5	Ring#1	0.0	0.0	0.0	0.0	16380.18
13:51.08	2	DT	346.0	1.36	23.0	8.0	Ring#2	3.38	1.97	0.0	0.0	16380.18
13:51.08	2	DT	0	1.36	30.5	0.5	Ring#3	0.0	0.0	0.0	0.0	16380.18
13:51.08	2	DT	0	1.36	30.5	0.5	Ring#3	-2.52	-2.97	8.41	9.79	16380.18
13:51.12	2	RF	332.22	15.25	406.0	286.0	Ring#2	264.14	264.74	339.77	349.67	17039.83
13:51.12	2	TT	168.71	5.46	875.0	175.0	Ring#1	-1.0	-2.0	-2.0	-2.0	17039.83
13:51.12	2	TT	168.71	5.46	875.0	175.0	Ring#2	450.13	450.07	0.0	-2.0	17039.83
13:51.12	2	TT	168.71	5.46	875.0	175.0	Ring#3	4.0	2.0	2.0	2.0	17039.83
13:51.13	2	DT	0	1.36	30.5	0.5	Ring#1	0.0	0.0	0.0	0.0	17039.83
13:51.13	2	DT	346.0	1.36	23.0	8.0	Ring#2	1.1	2.7	0.0	0.0	17039.83
13:51.13	2	DT	0	1.36	30.5	0.5	Ring#3	0.0	0.0	0.0	0.0	17039.83
13:51.13	2	DT	0	1.36	23.0	8.0	Ring#3	2.47	0.27	4.8	5.63	17039.83
13:51.20	2	RF	324.17	28.73	466.0	226.0	Ring#2	203.26	196.86	341.56	350.36	17685.84
13:51.21	2	TT	157.17	47.07	875.0	175.0	Ring#1	-1.0	-2.0	-2.0	-2.0	17685.84
13:51.21	2	TT	157.17	47.07	875.0	175.0	Ring#2	354.68	355.9	0.0	-2.0	17685.84
13:51.21	2	TT	157.17	47.07	875.0	175.0	Ring#3	4.0	2.0	2.0	2.0	17685.84
13:51.21	2	DT	0	1.36	30.5	0.5	Ring#1	0.0	0.0	0.0	0.0	17685.84
13:51.21	2	DT	0	1.36	30.5	0.5	Ring#2	-11.65	-10.97	0.0	0.0	17685.84
13:51.21	2	DT	0	1.36	30.5	0.5	Ring#3	0.0	0.0	0.0	0.0	17685.84
13:51.21	2	DT	0	1.36	23.0	8.0	Ring#3	2.9	4.61	-0.94	-2.13	17685.84
13:51.25	2	RF	302.12	27.07	466.0	226.0	Ring#2	35.68	16.17	341.92	349.58	18343.77
13:51.25	2	TT	126.12	39.4	875.0	175.0	Ring#1	-1.0	-2.0	-2.0	-2.0	18343.77
13:51.25	2	TT	126.12	39.4	875.0	175.0	Ring#2	107.16	107.84	0.0	-2.0	18343.77
13:51.25	2	TT	126.12	39.4	875.0	175.0	Ring#3	4.0	2.0	2.0	2.0	18343.77
13:51.25	2	DT	0	1.36	30.5	0.5	Ring#1	0.0	0.0	0.0	0.0	18343.77
13:51.25	2	DT	0	1.36	30.5	0.5	Ring#2	-15.5	-14.56	0.0	0.0	18343.77
13:51.25	2	DT	0	1.36	30.5	0.5	Ring#3	0.0	0.0	0.0	0.0	18343.77
13:51.25	2	DT	0	1.36	23.0	8.0	Ring#3	0.5	2.38	-4.31	-1.53	18343.77
13:51.34	2	RF	296.76	14.25	466.0	226.0	Ring#2	-6.13	-29.32	342.65	350.01	18998.29
13:51.35	2	TT	118.87	4.4	875.0	175.0	Ring#1	-1.0	-2.0	-2.0	-2.0	18998.29
13:51.35	2	TT	118.87	4.4	875.0	175.0	Ring#2	50.88	48.97	0.0	-2.0	18998.29
13:51.35	2	TT	118.87	4.4	875.0	175.0	Ring#3	4.0	2.0	2.0	2.0	18998.29
13:51.35	2	DT	0	1.36	30.5	0.5	Ring#1	0.0	0.0	0.0	0.0	18998.29
13:51.35	2	DT	0	1.36	30.5	0.5	Ring#2	-4.36	-4.85	0.0	0.0	18998.29
13:51.35	2	DT	0	1.36	30.5	0.5	Ring#3	0.0	0.0	0.0	0.0	18998.29
13:51.35	2	DT	0	1.36	30.5	0.5	Ring#3	-2.67	-2.18	-3.91	-1.45	18998.29
13:51.39	2	RF	296.21	14.1	466.0	226.0	Ring#2	-6.04	-29.25	341.61	350.34	19656.19
13:51.39	2	TT	118.69	4.33	875.0	175.0	Ring#1	-1.0	-2.0	-2.0	-2.0	19656.19
13:51.39	2	TT	118.69	4.33	875.0	175.0	Ring#2	50.97	48.71	0.0	-2.0	19656.19
13:51.39	2	TT	118.69	4.33	875.0	175.0	Ring#3	4.0	2.0	2.0	2.0	19656.19
13:51.40	2	DT	0	1.36	30.5	0.5	Ring#1	0.0	0.0	0.0	0.0	19656.19
13:51.40	2	DT	0	1.36	30.5	0.5	Ring#2	-3.59	-3.74	0.0	0.0	19656.19
13:51.40	2	DT	0	1.36	30.5	0.5	Ring#3	0.0	0.0	0.0	0.0	19656.19
13:51.40	2	DT	0	1.36	30.5	0.5	Ring#3	-5.18	-3.65	-1.65	-2.53	19656.19
13:51.51	2	RF	296.07	13.92	466.0	226.0	Ring#2	-6.0	-29.17	340.78	348.91	20307.31
13:51.51	2	TT	118.61	3.85	875.0	175.0	Ring#1	-1.0	-2.0	-2.0	-2.0	20307.31
13:51.51	2	TT	118.61	3.85	875.0	175.0	Ring#2	51.26	50.69	0.0	-2.0	20307.31
13:51.51	2	TT	118.61	3.85	875.0	175.0	Ring#3	4.0	2.0	2.0	2.0	20307.31
13:51.51	2	DT	0	1.36	30.5	0.5	Ring#1	0.0	0.0	0.0	0.0	20307.31
13:51.51	2	DT	0	1.36	30.5	0.5	Ring#2	-3.26	-2.11	0.0	0.0	20307.31
13:51.51	2	DT	0	1.36	30.5	0.5	Ring#3	0.0	0.0	0.0	0.0	20307.31
13:51.51	2	DT	0	1.36	23.0	8.0	Ring#3	-0.37	-0.54	4.29	1.06	20307.31
13:51.55	2	RF	296.16	13.58	466.0	226.0	Ring#2	-5.99	-29.12	340.08	349.05	20965.24
13:51.55	2	TT	118.83	3.96	875.0	175.0	Ring#1	-1.0	-2.0	-2.0	-2.0	20965.24
13:51.55	2	TT	118.83	3.96	875.0	175.0	Ring#2	51.53	50.86	0.0	-2.0	20965.24
13:51.55	2	TT	118.83	3.96	875.0	175.0	Ring#3	4.0	2.0	2.0	2.0	20965.24
13:51.55	2	DT	0	1.36	30.5	0.5	Ring#1	0.0	0.0	0.0	0.0	20965.24
13:51.55	2	DT	0	1.36	30.5	0.5	Ring#2	-3.19	-2.22	0.0	0.0	20965.24
13:51.55	2	DT	0	1.36	30.5	0.5	Ring#3	0.0	0.0	0.0	0.0	20965.24
13:51.55	2	DT	0	1.36	23.0	8.0	Ring#3	2.19	3.72	8.83	5.83	20965.24
13:52.05	2	RF	296.87	13.85	466.0	226.0	Ring#2	-5.91	-29.09	339.7	348.93	21618.05
13:52.06	2	TT	119.18	3.91	875.0	175.0	Ring#1	-1.0	-2.0	-2.0	-2.0	21618.05
13:52.06	2	TT	119.18	3.91	875.0	175.0	Ring#2	52.03	51.03	0.0	-2.0	21618.05
13:52.06	2	TT	119.18	3.91	875.0	175.0	Ring#3	4.0	2.0	2.0	2.0	21618.05
13:52.06	2	DT	0	1.36	30.5	0.5	Ring#1	0.0	0.0	0.0	0.0	21618.05
13:52.06	2	DT	0	1.36	30.5	0.5	Ring#2	-3.3	-2.22	0.0	0.0	21618.05
13:52.06	2	DT	0	1.36	30.5	0.5	Ring#3	0.0	0.0	0.0	0.0	21618.05
13:52.06	2	DT	0	1.36	23.0	8.0	Ring#3	2.03	1.0	4.08	4.32	21618.05
13:52.10	2	RF	297.16	13.42	466.0	226.0	Ring#2	-5.81	-29.01	338.67	349.38	22279.38
13:52.10	2	TT	119.19	3.65	875.0	175.0	Ring#1	-1.0	-2.0	-2.0	-2.0	22279.38
13:52.10	2	TT	119.19	3.65	875.0	175.0	Ring#2	52.39	51.39	0.0	-2.0	22279.38
13:52.10	2	TT	119.19	3.65	875.0	175.0	Ring#3	4.0	2.0	2.0	2.0	22279.38
13:52.10	2	DT	0	1.36	30.5	0.5	Ring#1	0.0	0.0	0.0	0.0	22279.38
13:52.10	2	DT	0	1.36	30.5	0.5	Ring#2	-3.42	-2.39	0.0	0.0	22279.38
13:52.10	2	DT	0	1.36	30.5	0.5	Ring#3	0.0	0.0	0.0	0.0	22279.38
13:52.10	2	DT	0	1.36	23.0	8.0	Ring#3	-1.34	-1.05	0.89	1.58	22279.38
13:52.15	2	RF	297.51	14.67	466.0	226.0	Ring#2	-5.72	-15.44	338.5	350.47	22945.83
13:52.15	2	TT	118.2	6.27	875.0	175.0	Ring#1	-1.0	-2.0	-2.0	-2.0	22945.83
13:52.16	2	TT	118.2	6.27	875.0	175.0	Ring#2	44.41	44.64	0.0	-2.0	22945.83
13:52.16	2	TT	118.2	6.27	875.0	175.0	Ring#3	4.0	2.0	2.0	2.0	22945.83
13:52.16	2	DT	0	1.36	30.5	0.5	Ring#1	0.0	0.0	0.0	0.0	22945.83
13:52.16	2	DT	0	1.36	30.5	0.5	Ring#2	-2.87	-2.51	0.0	0.0	22945.83
13:52.16	2	DT	0	1.36	30.5	0.5	Ring#3	0.0	0.0	0.0	0.0	22945.83
13:52.16	2	DT	0	1.36	30.5	0.5	Ring#3	-4.46	-3.74	-0.87	0.26	22945.83
13:52.25	2	RF	297.64	15.11	466.0	226.0	Ring#2	-5.57	-3.48	339.6	348.92	23608.9
13:52.25	2	TT	116.69	5.76	875.0	175.0	Ring#1	-1.0	-2.0	-2.0	-2.0	23608.9
13:52.25	2	TT	116.69	5.76	875.0	175.0	Ring#2	32.8	34.58	0.0	-2.0	23608.9
13:52.25	2	TT	116.69	5.76	875.0	175.0	Ring#3	4.0	2.0	2.0	2.0	23608.9
13:52.25	2	DT	0	1.36	30.5	0.5	Ring#1	0.0	0.0	0.0	0.0	23608.9
13:52.25	2	DT	0	1.36	30.5	0.5	Ring#2	-2.05	-1.88	0.0	0.0	23608.9
13:52.25	2	DT	0	1.36	30.5	0.5	Ring#3	0.0	0.0	0.0	0.0	23608.9
13:52.25	2	DT	0	1.36	23.0	8.0	Ring#3	-3.28	-1.12	-1.12	1.0	23608.9
13:52.29	2	RF	297.81	15.46	466.0	226.0	Ring#2	-5.05	-3.32	339.25	350.66	24263.41
13:52.29	2	TT	116.21	3.4	875.0	175.0	Ring#1	-1.0	-2.0	-2.0	-2.0	24263.41
13:52.29	2	TT	116.21	3.4	875.0	175.0	Ring#2	28.78	30.98	0.0	-2.0	24263.41
13:52.29	2	TT	116.21	3.4	875.0	175.0	Ring#3	4.0	2.0	2.0	2.0	24263.41
13:52.29	2	DT	0	1.36	30.5	0.5	Ring#1	0.0	0.0	0.0	0.0	24263.41
13:52.29	2	DT	0	1.36	30.5	0.5	Ring#2	-1.68	-1.56	0.0	0.0	24263.41
13:52.29	2	DT	0	1.36	30.5	0.5	Ring#3	0.0	0.0	0.0	0.0	24263.41
13:52.29	2	DT	0	1.36	23.0	8.0	Ring#3	0.78	2.73	0.9	-0.51	24263.41
13:52.39	2	RF	298.54	16.16	466.0	226.0	Ring#2	-4.46	2.61	340.7	351.68	24923.02
13:52.39	2	TT	116.4	3.34	875.0	175.0	Ring#1	-1.0	-2.0	-2.0	-2.0	24923.02
13:52.39	2	TT	116.4	3.34	875.0	175.0	Ring#2	28.69	30.83	0.0	-2.0	24923.02
13:52.39	2	TT	116.4	3.34	875.0	175.0	Ring#3	4.0	2.0	2.0	2.0	24923.02
13:52.39	2	DT	0	1.36	30.5	0.5	Ring#1	0.0	0.0	0.0	0.0	24923.02
13:52.39	2	DT	0	1.36	30.5	0.5	Ring#2	-1.5	-1.64	0.0	0.0	24923.02
13:52.39	2	DT	0	1.36	30.5	0.5	Ring#3	0.0	0.0	0.0	0.0	24923.02
13:52.39	2	DT	0	1.36	23.0	8.0	Ring#3	-1.05	-1.45	1.9	-1.05	24923.02
13:52.43	2	RF	309.33	28.93	466.0	226.0	Ring#2	78.81	90.94	339.81	351.61	25582.67
13:52.43	2	TT	120.47	28.51	875.0	175.0	Ring#1	-1.0	-2.0	-2.0	-2.0	25582.67
13:52.43	2	TT	120.47	28.51	875.0	175.0	Ring#2	63.6	65.26	0.0	-2.0	25582.67
13:52.43	2	TT	120.47	28.51	875.0	175.0	Ring#3	4.0	2.0	2.0	2.0	25582.67
13:52.43	2	DT	0	1.36	30.5	0.5	Ring#1	0.0	0.0	0.0	0.0	25582.67
13:52.43	2	DT	0	1.36	30.5	0.5	Ring#2	-3.33	-2.19	0.0	0.0	25582.67
13:52.43	2	DT	0	1.36	30.5	0.5	Ring#3	0.0	0.0	0.0	0.0	25582.67
13:52.43	2	DT	0	1.36	23.0	8.0	Ring#3	-1.26	-2.09	1.63	0.95	25582.67
13:52.55	2	RF	323.9	27.67	466.0	226.0	Ring#2	199.56	204.31	338.89	352.13	26238.93
13:52.55	2	TT	143.77	53.52	875.0	175.0	Ring#1	-1.0	-2.0	-2.0	-2.0	26238.93
13:52.55	2	TT	143.77	53.52	700.0	350.0	Ring#2	250.27	251.66	0.0	-2.0	26238.93
13:52.55	2	TT	143.77	53.52	875.0	175.0	Ring#3	4.0	2.0	2.0	2.0	26238.93
13:52.56	2	DT	0	1.36	30.5	0.5	Ring#1	0.0	0.0	0.0	0.0	26238.93
13:52.56	2	DT	346.0	1.36	23.0	8.0	Ring#2	-7.32	2.14	0.0	0.0	26238.93
13:52.56	2	DT	0	1.36	30.5	0.5	Ring#3	0.0	0.0	0.0	0.0	26238.93
13:52.56	2	DT	0	1.36	23.0	8.0	Ring#3	-0.52	-1.18	2.02	5.45	26238.93
13:52.59	2	TT	141.68	57.26	875.0	175.0	Ring#1	-1.0	-2.0	-2.0	-2.0	26898.53
13:52.59	2	TT	141.68	57.26	700.0	350.0	Ring#2	232.07	233.24	0.0	-2.0	26898.53
13:52.59	2	TT	141.68	57.26	875.0	175.0	Ring#3	4.0	2.0	2.0	2.0	26898.53
13:52.59	2	DT	0	1.36	30.5	0.5	Ring#1	0.0	0.0	0.0	0.0	26898.53
13:52.59	2	DT	346.0	1.36	23.0	8.0	Ring#2	-6.56	2.67	0.0	0.0	26898.53
13:52.59	2	DT	0	1.36	30.5	0.5	Ring#3	0.0	0.0	0.0	0.0	26898.53
13:52.59	2	DT	0	1.36	23.0	8.0	Ring#3	0.78	-0.44	2.71	2.96	26898.53
13:53.09	2	TT	120.02	41.87	875.0	175.0	Ring#1	-1.0	-2.0	-2.0	-2.0	27550.92
13:53.09	2	TT	120.02	41.87	875.0	175.0	Ring#2	58.2	58.61	0.0	-2.0	27550.92
13:53.09	2	TT	120.02	41.87	875.0	175.0	Ring#3	4.0	2.0	2.0	2.0	27550.92
13:53.09	2	DT	0	1.36	30.5	0.5	Ring#1	0.0	0.0	0.0	0.0	27550.92
13:53.09	2	DT	0	1.36	30.5	0.5	Ring#2	-0.98	-0.11	0.0	0.0	27550.92
13:53.09	2	DT	0	1.36	30.5	0.5	Ring#3	0.0	0.0	0.0	0.0	27550.92
13:53.09	2	DT	0	1.36	23.0	8.0	Ring#3	-3.3	-1.93	0.46	0.78	27550.92
13:53.14	2	TT	112.57	7.08	875.0	175.0	Ring#1	-1.0	-2.0	-2.0	-2.0	28205.86
13:53.14	2	TT	112.57	7.08	875.0	175.0	Ring#2	-1.0	0.0	0.0	-2.0	28205.86
13:53.14	2	TT	112.57	7.08	875.0	175.0	Ring#3	4.0	2.0	2.0	2.0	28205.86
13:53.14	2	DT	0	1.36	30.5	0.5	Ring#1	0.0	0.0	0.0	0.0	28205.86
13:53.14	2	DT	0	1.36	30.5	0.5	Ring#2	0.0	0.0	0.0	0.0	28205.86
13:53.14	2	DT	0	1.36	30.5	0.5	Ring#3	0.0	0.0	0.0	0.0	28205.86
13:53.14	2	DT	0	1.36	23.0	8.0	Ring#3	-5.3	-5.0	-1.68	1.04	28205.86
13:53.20	2	TT	112.53	7.06	875.0	175.0	Ring#1	-1.0	-2.0	-2.0	-2.0	28860.38
13:53.20	2	TT	112.53	7.06	875.0	175.0	Ring#2	-1.0	0.0	0.0	-2.0	28860.38
13:53.20	2	TT	112.53	7.06	875.0	175.0	Ring#3	4.0	2.0	2.0	2.0	28860.38
13:53.20	2	DT	0	1.36	30.5	0.5	Ring#1	0.0	0.0	0.0	0.0	28860.38
13:53.20	2	DT	0	1.36	30.5	0.5	Ring#2	0.0	0.0	0.0	0.0	28860.38
13:53.20	2	DT	0	1.36	30.5	0.5	Ring#3	0.0	0.0	0.0	0.0	28860.38
13:53.20	2	DT	0	1.36	23.0	8.0	Ring#3	-5.81	-5.4	-0.79	1.29	28860.38
13:53.27	2	TT	112.39	7.49	875.0	175.0	Ring#1	-1.0	-2.0	-2.0	-2.0	29513.19
13:53.27	2	TT	112.39	7.49	875.0	175.0	Ring#2	-1.0	0.0	0.0	-2.0	29513.19
13:53.27	2	TT	112.39	7.49	875.0	175.0	Ring#3	4.0	2.0	2.0	2.0	29513.19
13:53.27	2	DT	0	1.36	30.5	0.5	Ring#1	0.0	0.0	0.0	0.0	29513.19
13:53.27	2	DT	0	1.36	30.5	0.5	Ring#2	0.0	0.0	0.0	0.0	29513.19
13:53.27	2	DT	0	1.36	30.5	0.5	Ring#3	0.0	0.0	0.0	0.0	29513.19
13:53.27	2	DT	0	1.36	30.5	0.5	Ring#3	-2.1	-0.29	-0.63	-0.33	29513.19
13:53.34	2	TT	112.26	7.14	875.0	175.0	Ring#1	-1.0	-2.0	-2.0	-2.0	30177.96
13:53.34	2	TT	112.26	7.14	875.0	175.0	Ring#2	-1.0	0.0	0.0	-2.0	30177.96
13:53.34	2	TT	112.26	7.14	875.0	175.0	Ring#3	4.0	2.0	2.0	2.0	30177.96
13:53.34	2	DT	0	1.36	30.5	0.5	Ring#1	0.0	0.0	0.0	0.0	30177.96
13:53.34	2	DT	0	1.36	30.5	0.5	Ring#2	0.0	0.0	0.0	0.0	30177.96
13:53.34	2	DT	0	1.36	30.5	0.5	Ring#3	0.0	0.0	0.0	0.0	30177.96
13:53.34	2	DT	0	1.36	23.0	8.0	Ring#3	2.14	1.02	2.56	1.16	30177.96
13:53.44	2	TT	112.36	7.68	875.0	175.0	Ring#1	-1.0	-2.0	-2.0	-2.0	30829.04
13:53.44	2	TT	112.36	7.68	875.0	175.0	Ring#2	-1.0	0.0	0.0	-2.0	30829.04
13:53.44	2	TT	112.36	7.68	875.0	175.0	Ring#3	4.0	2.0	2.0	2.0	30829.04
13:53.44	2	DT	0	1.36	30.5	0.5	Ring#1	0.0	0.0	0.0	0.0	30829.04
13:53.44	2	DT	0	1.36	30.5	0.5	Ring#2	0.0	0.0	0.0	0.0	30829.04
13:53.44	2	DT	0	1.36	30.5	0.5	Ring#3	0.0	0.0	0.0	0.0	30829.04
13:53.44	2	DT	0	1.36	23.0	8.0	Ring#3	2.1	3.49	4.12	2.9	30829.04
13:53.48	2	TT	112.54	7.7	875.0	175.0	Ring#1	-1.0	-2.0	-2.0	-2.0	31492.08
13:53.48	2	TT	112.54	7.7	875.0	175.0	Ring#2	-1.0	0.0	0.0	-2.0	31492.08
13:53.48	2	TT	112.54	7.7	875.0	175.0	Ring#3	4.0	2.0	2.0	2.0	31492.08
13:53.48	2	DT	0	1.36	30.5	0.5	Ring#1	0.0	0.0	0.0	0.0	31492.08
13:53.48	2	DT	0	1.36	30.5	0.5	Ring#2	0.0	0.0	0.0	0.0	31492.08
13:53.48	2	DT	0	1.36	30.5	0.5	Ring#3	0.0	0.0	0.0	0.0	31492.08
13:53.48	2	DT	0	1.36	23.0	8.0	Ring#3	2.73	0.33	4.63	3.67	31492.08
13:54.00	2	TT	112.62	7.58	875.0	175.0	Ring#1	-1.0	-2.0	-2.0	-2.0	32148.34
13:54.00	2	TT	112.62	7.58	875.0	175.0	Ring#2	-1.0	0.0	0.0	-2.0	32148.34
13:54.00	2	TT	112.62	7.58	875.0	175.0	Ring#3	4.0	2.0	2.0	2.0	32148.34
13:54.00	2	DT	0	1.36	30.5	0.5	Ring#1	0.0	0.0	0.0	0.0	32148.34
13:54.00	2	DT	0	1.36	30.5	0.5	Ring#2	0.0	0.0	0.0	0.0	32148.34
13:54.01	2	DT	0	1.36	30.5	0.5	Ring#3	0.0	0.0	0.0	0.0	32148.34
13:54.01	2	DT	0	1.36	23.0	8.0	Ring#3	1.77	1.57	5.28	3.62	32148.34
13:54.04	2	TT	112.59	7.19	875.0	175.0	Ring#1	-1.0	-2.0	-2.0	-2.0	32806.26
13:54.04	2	TT	112.59	7.19	875.0	175.0	Ring#2	-1.0	0.0	0.0	-2.0	32806.26
13:54.05	2	TT	112.59	7.19	875.0	175.0	Ring#3	4.0	2.0	2.0	2.0	32806.26
13:54.05	2	DT	0	1.36	30.5	0.5	Ring#1	0.0	0.0	0.0	0.0	32806.26
13:54.05	2	DT	0	1.36	30.5	0.5	Ring#2	0.0	0.0	0.0	0.0	32806.26
13:54.05	2	DT	0	1.36	30.5	0.5	Ring#3	0.0	0.0	0.0	0.0	32806.26
13:54.05	2	DT	0	1.36	23.0	8.0	Ring#3	0.44	-1.02	3.07	3.0	32806.26
13:54.15	2	TT	112.56	6.68	875.0	175.0	Ring#1	-1.0	-2.0	-2.0	-2.0	33457.38
13:54.15	2	TT	112.56	6.68	875.0	175.0	Ring#2	-1.0	0.0	0.0	-2.0	33457.38
13:54.15	2	TT	112.56	6.68	875.0	175.0	Ring#3	4.0	2.0	2.0	2.0	33457.38
13:54.15	2	DT	0	1.36	30.5	0.5	Ring#1	0.0	0.0	0.0	0.0	33457.38
13:54.16	2	DT	0	1.36	30.5	0.5	Ring#2	0.0	0.0	0.0	0.0	33457.38
13:54.16	2	DT	0	1.36	30.5	0.5	Ring#3	0.0	0.0	0.0	0.0	33457.38
13:54.16	2	DT	0	1.36	23.0	8.0	Ring#3	-0.29	0.31	-1.04	1.18	33457.38
13:54.20	2	TT	112.57	6.39	875.0	175.0	Ring#1	-1.0	-2.0	-2.0	-2.0	34114.86
13:54.20	2	TT	112.57	6.39	875.0	175.0	Ring#2	-1.0	0.0	0.0	-2.0	34114.86
13:54.20	2	TT	112.57	6.39	875.0	175.0	Ring#3	4.0	2.0	2.0	2.0	34114.86
13:54.20	2	DT	0	1.36	30.5	0.5	Ring#1	0.0	0.0	0.0	0.0	34114.86
13:54.20	2	DT	0	1.36	30.5	0.5	Ring#2	0.0	0.0	0.0	0.0	34114.86
13:54.20	2	DT	0	1.36	30.5	0.5	Ring#3	0.0	0.0	0.0	0.0	34114.86
13:54.20	2	DT	0	1.36	30.5	0.5	Ring#3	-0.62	0.23	-1.62	-1.18	34114.86
13:54.32	2	TT	112.51	6.29	875.0	175.0	Ring#1	-1.0	-2.0	-2.0	-2.0	34769.85
13:54.32	2	TT	112.51	6.29	875.0	175.0	Ring#2	-1.0	0.0	0.0	-2.0	34769.85
13:54.32	2	TT	112.51	6.29	875.0	175.0	Ring#3	4.0	2.0	2.0	2.0	34769.85
13:54.32	2	DT	0	1.36	30.5	0.5	Ring#1	0.0	0.0	0.0	0.0	34769.85
13:54.32	2	DT	0	1.36	30.5	0.5	Ring#2	0.0	0.0	0.0	0.0	34769.85
13:54.32	2	DT	0	1.36	30.5	0.5	Ring#3	0.0	0.0	0.0	0.0	34769.85
13:54.32	2	DT	0	1.36	30.5	0.5	Ring#3	-1.21	-0.72	-0.77	-1.79	34769.85
13:54.37	2	TT	112.31	6.32	875.0	175.0	Ring#1	-1.0	-2.0	-2.0	-2.0	35429.45
13:54.37	2	TT	112.31	6.32	875.0	175.0	Ring#2	-1.0	0.0	0.0	-2.0	35429.45
13:54.37	2	TT	112.31	6.32	875.0	175.0	Ring#3	4.0	2.0	2.0	2.0	35429.45
13:54.37	2	DT	0	1.36	30.5	0.5	Ring#1	0.0	0.0	0.0	0.0	35429.45
13:54.37	2	DT	0	1.36	30.5	0.5	Ring#2	0.0	0.0	0.0	0.0	35429.45
13:54.37	2	DT	0	1.36	30.5	0.5	Ring#3	0.0	0.0	0.0	0.0	35429.45
13:54.37	2	DT	0	1.36	23.0	8.0	Ring#3	-0.19	-0.05	0.74	-0.93	35429.45
13:54.49	2	TT	112.35	7.68	875.0	175.0	Ring#1	-1.0	-2.0	-2.0	-2.0	36082.26
13:54.49	2	TT	112.35	7.68	875.0	175.0	Ring#2	-1.0	0.0	0.0	-2.0	36082.26
13:54.49	2	TT	112.35	7.68	875.0	175.0	Ring#3	4.0	2.0	2.0	2.0	36082.26
13:54.49	2	DT	0	1.36	30.5	0.5	Ring#1	0.0	0.0	0.0	0.0	36082.26
13:54.49	2	DT	0	1.36	30.5	0.5	Ring#2	0.0	0.0	0.0	0.0	36082.26
13:54.49	2	DT	0	1.36	30.5	0.5	Ring#3	0.0	0.0	0.0	0.0	36082.26
13:54.49	2	DT	0	1.36	23.0	8.0	Ring#3	-1.86	-0.27	-0.15	1.44	36082.26
13:54.52	2	TT	112.44	8.59	875.0	175.0	Ring#1	-1.0	-2.0	-2.0	-2.0	36738.55
13:54.52	2	TT	112.44	8.59	875.0	175.0	Ring#2	-1.0	0.0	0.0	-2.0	36738.55
13:54.52	2	TT	112.44	8.59	875.0	175.0	Ring#3	4.0	2.0	2.0	2.0	36738.55
13:54.52	2	DT	0	1.36	30.5	0.5	Ring#1	0.0	0.0	0.0	0.0	36738.55
13:54.52	2	DT	0	1.36	30.5	0.5	Ring#2	0.0	0.0	0.0	0.0	36738.55
13:54.53	2	DT	0	1.36	30.5	0.5	Ring#3	0.0	0.0	0.0	0.0	36738.55
13:54.53	2	DT	0	1.36	23.0	8.0	Ring#3	0.05	0.77	2.45	2.35	36738.55
13:54.59	2	TT	112.69	9.1	875.0	175.0	Ring#1	-1.0	-2.0	-2.0	-2.0	36716.74
13:54.59	2	TT	112.69	9.1	875.0	175.0	Ring#2	-1.0	0.0	0.0	-2.0	36716.74
13:54.59	2	TT	112.69	9.1	875.0	175.0	Ring#3	4.0	2.0	2.0	2.0	36716.74
13:54.59	2	DT	0	1.36	30.5	0.5	Ring#1	0.0	0.0	0.0	0.0	36716.74
13:54.59	2	DT	0	1.36	30.5	0.5	Ring#2	0.0	0.0	0.0	0.0	36716.74
13:54.59	2	DT	0	1.36	30.5	0.5	Ring#3	0.0	0.0	0.0	0.0	36716.74
13:54.59	2	DT	0	1.36	23.0	8.0	Ring#3	-2.13	-0.41	2.95	2.98	36716.74
13:55.12	2	TT	112.74	8.95	875.0	175.0	Ring#1	-1.0	-2.0	-2.0	-2.0	37298.8
13:55.12	2	TT	112.74	8.95	875.0	175.0	Ring#2	-1.0	0.0	0.0	-2.0	37298.8
13:55.12	2	TT	112.74	8.95	875.0	175.0	Ring#3	4.0	2.0	2.0	2.0	37298.8
13:55.13	2	DT	0	1.36	30.5	0.5	Ring#1	0.0	0.0	0.0	0.0	37298.8
13:55.13	2	DT	0	1.36	30.5	0.5	Ring#2	0.0	0.0	0.0	0.0	37298.8
13:55.13	2	DT	0	1.36	30.5	0.5	Ring#3	0.0	0.0	0.0	0.0	37298.8
13:55.13	2	DT	0	1.36	23.0	8.0	Ring#3	-1.95	-1.87	3.66	1.84	37298.8
13:55.20	2	TT	112.66	8.29	875.0	175.0	Ring#1	-1.0	-2.0	-2.0	-2.0	37949.91
13:55.20	2	TT	112.66	8.29	875.0	175.0	Ring#2	-1.0	0.0	0.0	-2.0	37949.91
13:55.20	2	TT	112.66	8.29	875.0	175.0	Ring#3	4.0	2.0	2.0	2.0	37949.91
13:55.20	2	DT	0	1.36	30.5	0.5	Ring#1	0.0	0.0	0.0	0.0	37949.91
13:55.20	2	DT	0	1.36	30.5	0.5	Ring#2	0.0	0.0	0.0	0.0	37949.91
13:55.20	2	DT	0	1.36	30.5	0.5	Ring#3	0.0	0.0	0.0	0.0	37949.91
13:55.20	2	DT	0	1.36	23.0	8.0	Ring#3	-0.48	-1.43	0.92	0.33	37949.91
13:55.26	2	RF	333.27	30.7	406.0	286.0	Ring#4	269.55	272.17	332.11	347.81	38602.75
13:55.26	2	TT	103.49	82.0	875.0	175.0	Ring#1	-1.0	-2.0	-2.0	-2.0	38602.75
13:55.26	2	TT	103.49	82.0	875.0	175.0	Ring#2	-1.0	0.0	0.0	-2.0	38602.75
13:55.26	2	TT	103.49	82.0	875.0	175.0	Ring#3	4.0	2.0	2.0	2.0	38602.75
13:55.26	2	DT	0	1.36	30.5	0.5	Ring#1	0.0	0.0	0.0	0.0	38602.75
13:55.26	2	DT	0	1.36	30.5	0.5	Ring#2	0.0	0.0	0.0	0.0	38602.75
13:55.26	2	DT	0	1.36	30.5	0.5	Ring#3	0.0	0.0	0.0	0.0	38602.75
13:55.26	2	DT	0	1.36	30.5	0.5	Ring#3	-4.7	-6.19	-1.44	-2.52	38602.75
13:55.30	2	RF	305.29	65.29	406.0	286.0	Ring#1	265.32	284.62	272.72	276.3	39252.15
13:55.30	2	RF	305.29	65.29	466.0	226.0	Ring#4	193.73	214.54	330.28	344.8	39252.15
13:55.30	2	TT	87.42	107.64	875.0	175.0	Ring#1	-1.0	-2.0	-2.0	-2.0	39252.15
13:55.30	2	TT	87.42	107.64	875.0	175.0	Ring#2	-1.0	0.0	0.0	-2.0	39252.15
13:55.30	2	TT	87.42	107.64	875.0	175.0	Ring#3	4.0	2.0	2.0	2.0	39252.15
13:55.30	2	TT	87.42	107.64	700.0	350.0	Ring#4	249.45	249.06	450.77	449.37	39252.15
13:55.30	2	DT	0	1.36	30.5	0.5	Ring#1	0.0	0.0	0.0	0.0	39252.15
13:55.30	2	DT	0	1.36	30.5	0.5	Ring#2	0.0	0.0	0.0	0.0	39252.15
13:55.30	2	DT	0	1.36	30.5	0.5	Ring#3	0.0	0.0	0.0	0.0	39252.15
13:55.30	2	DT	0	1.36	30.5	0.5	Ring#3	-4.55	-5.98	-3.23	-2.6	39252.15
13:55.43	2	RF	271.43	70.16	466.0	226.0	Ring#1	158.47	176.58	169.62	165.38	39908.36
13:55.43	2	RF	271.43	70.16	466.0	226.0	Ring#4	130.05	170.49	329.04	344.31	39908.36
13:55.43	2	TT	71.78	90.48	875.0	175.0	Ring#1	-1.0	-2.0	-2.0	-2.0	39908.36
13:55.43	2	TT	71.78	90.48	875.0	175.0	Ring#2	-1.0	0.0	0.0	-2.0	39908.36
13:55.43	2	TT	71.78	90.48	875.0	175.0	Ring#3	4.0	2.0	2.0	2.0	39908.36
13:55.43	2	TT	71.78	90.48	875.0	175.0	Ring#4	124.97	124.23	449.91	449.38	39908.36
13:55.43	2	DT	0	1.36	30.5	0.5	Ring#1	0.0	0.0	0.0	0.0	39908.36
13:55.43	2	DT	0	1.36	30.5	0.5	Ring#2	0.0	0.0	0.0	0.0	39908.36
13:55.43	2	DT	0	1.36	30.5	0.5	Ring#3	0.0	0.0	0.0	0.0	39908.36
13:55.43	2	DT	0	1.36	30.5	0.5	Ring#3	-6.05	-5.73	-3.45	-3.09	39908.36
13:55.46	2	RF	248.87	60.82	466.0	226.0	Ring#1	55.12	72.16	70.2	58.6	40557.75
13:55.46	2	RF	248.87	60.82	466.0	226.0	Ring#4	152.07	196.21	330.95	346.36	40557.75
13:55.46	2	TT	60.32	7.26	875.0	175.0	Ring#1	-1.0	-2.0	-2.0	-2.0	40557.75
13:55.47	2	TT	60.32	7.26	875.0	175.0	Ring#2	-1.0	0.0	0.0	-2.0	40557.75
13:55.47	2	TT	60.32	7.26	875.0	175.0	Ring#3	4.0	2.0	2.0	2.0	40557.75
13:55.47	2	TT	60.32	7.26	875.0	175.0	Ring#4	33.84	31.43	449.85	449.97	40557.75
13:55.47	2	DT	0	1.36	30.5	0.5	Ring#1	0.0	0.0	0.0	0.0	40557.75
13:55.47	2	DT	0	1.36	30.5	0.5	Ring#2	0.0	0.0	0.0	0.0	40557.75
13:55.47	2	DT	0	1.36	30.5	0.5	Ring#3	0.0	0.0	0.0	0.0	40557.75
13:55.47	2	DT	0	1.36	30.5	0.5	Ring#3	-3.6	-2.94	-3.04	-3.27	40557.75
13:55.57	2	RF	242.11	21.85	466.0	226.0	Ring#1	-14.26	1.16	3.79	-12.4	41212.3
13:55.57	2	RF	242.11	21.85	406.0	286.0	Ring#4	236.18	276.16	333.4	348.28	41212.3
13:55.57	2	TT	60.04	4.76	875.0	175.0	Ring#1	-1.0	-2.0	-2.0	-2.0	41212.3
13:55.57	2	TT	60.04	4.76	875.0	175.0	Ring#2	-1.0	0.0	0.0	-2.0	41212.3
13:55.57	2	TT	60.04	4.76	875.0	175.0	Ring#3	4.0	2.0	2.0	2.0	41212.3
13:55.57	2	TT	60.04	4.76	875.0	175.0	Ring#4	31.31	29.99	449.26	450.12	41212.3
13:55.57	2	DT	0	1.36	30.5	0.5	Ring#1	0.0	0.0	0.0	0.0	41212.3
13:55.57	2	DT	0	1.36	30.5	0.5	Ring#2	0.0	0.0	0.0	0.0	41212.3
13:55.57	2	DT	0	1.36	30.5	0.5	Ring#3	0.0	0.0	0.0	0.0	41212.3
13:55.57	2	DT	0	1.36	30.5	0.5	Ring#3	-1.75	-1.84	-0.22	-2.15	41212.3
13:56.01	2	RF	242.43	32.29	466.0	226.0	Ring#1	-14.22	1.2	3.89	-12.32	41866.78
13:56.01	2	RF	242.43	32.29	406.0	286.0	Ring#2	343.67	339.92	285.52	295.67	41866.78
13:56.01	2	TT	60.19	4.57	875.0	175.0	Ring#1	-1.0	-2.0	-2.0	-2.0	41866.78
13:56.01	2	TT	60.19	4.57	875.0	175.0	Ring#2	-1.0	0.0	0.0	-2.0	41866.78
13:56.01	2	TT	60.19	4.57	875.0	175.0	Ring#3	4.0	2.0	2.0	2.0	41866.78
13:56.01	2	TT	60.19	4.57	875.0	175.0	Ring#4	32.64	31.32	449.42	449.59	41866.78
13:56.01	2	DT	0	1.36	30.5	0.5	Ring#1	0.0	0.0	0.0	0.0	41866.78
13:56.01	2	DT	0	1.36	30.5	0.5	Ring#2	0.0	0.0	0.0	0.0	41866.78
13:56.02	2	DT	0	1.36	30.5	0.5	Ring#3	0.0	0.0	0.0	0.0	41866.78
13:56.02	2	DT	0	1.36	30.5	0.5	Ring#3	-1.67	-1.96	-0.25	-0.42	41866.78
13:56.13	2	RF	233.0	32.74	466.0	226.0	Ring#1	-14.17	1.24	3.9	-12.27	42519.18
13:56.13	2	RF	233.0	32.74	466.0	226.0	Ring#2	343.31	340.18	183.36	194.93	42519.18
13:56.13	2	TT	60.23	4.11	875.0	175.0	Ring#1	-1.0	-2.0	-2.0	-2.0	42519.18
13:56.13	2	TT	60.23	4.11	875.0	175.0	Ring#2	-1.0	0.0	0.0	-2.0	42519.18
13:56.13	2	TT	60.23	4.11	875.0	175.0	Ring#3	4.0	2.0	2.0	2.0	42519.18
13:56.13	2	TT	60.23	4.11	875.0	175.0	Ring#4	33.2	31.76	449.7	448.97	42519.18
13:56.13	2	DT	0	1.36	30.5	0.5	Ring#1	0.0	0.0	0.0	0.0	42519.18
13:56.14	2	DT	0	1.36	30.5	0.5	Ring#2	0.0	0.0	0.0	0.0	42519.18
13:56.14	2	DT	0	1.36	30.5	0.5	Ring#3	0.0	0.0	0.0	0.0	42519.18
13:56.14	2	DT	0	1.36	23.0	8.0	Ring#3	-1.79	-2.09	-0.53	0.6	42519.18
13:56.17	2	RF	221.03	31.17	466.0	226.0	Ring#1	-14.12	1.28	3.88	-12.21	42538.22
13:56.17	2	RF	221.03	31.17	466.0	226.0	Ring#2	343.57	340.53	85.05	96.7	42538.22
13:56.17	2	TT	60.29	3.95	875.0	175.0	Ring#1	-1.0	-2.0	-2.0	-2.0	42538.22
13:56.17	2	TT	60.29	3.95	875.0	175.0	Ring#2	-1.0	0.0	0.0	-2.0	42538.22
13:56.18	2	TT	60.29	3.95	875.0	175.0	Ring#3	4.0	2.0	2.0	2.0	42538.22
13:56.18	2	TT	60.29	3.95	875.0	175.0	Ring#4	33.0	31.58	449.44	450.56	42538.22
13:56.18	2	DT	0	1.36	30.5	0.5	Ring#1	0.0	0.0	0.0	0.0	42538.22
13:56.18	2	DT	0	1.36	30.5	0.5	Ring#2	0.0	0.0	0.0	0.0	42538.22
13:56.18	2	DT	0	1.36	30.5	0.5	Ring#3	0.0	0.0	0.0	0.0	42538.22
13:56.18	2	DT	0	1.36	23.0	8.0	Ring#3	-1.82	-2.2	0.01	0.68	42538.22
13:56.29	2	RF	209.1	17.79	466.0	226.0	Ring#1	-14.09	1.33	3.88	-12.18	43076.8
13:56.29	2	RF	209.1	17.79	466.0	226.0	Ring#2	343.36	340.26	-10.76	1.67	43076.8
13:56.29	2	TT	60.3	4.15	875.0	175.0	Ring#1	-1.0	-2.0	-2.0	-2.0	43076.8
13:56.29	2	TT	60.3	4.15	875.0	175.0	Ring#2	-1.0	0.0	0.0	-2.0	43076.8
13:56.29	2	TT	60.3	4.15	875.0	175.0	Ring#3	4.0	2.0	2.0	2.0	43076.8
13:56.29	2	TT	60.3	4.15	875.0	175.0	Ring#4	32.97	31.74	449.86	450.25	43076.8
13:56.29	2	DT	0	1.36	30.5	0.5	Ring#1	0.0	0.0	0.0	0.0	43076.8
13:56.29	2	DT	0	1.36	30.5	0.5	Ring#2	0.0	0.0	0.0	0.0	43076.8
13:56.29	2	DT	0	1.36	30.5	0.5	Ring#3	0.0	0.0	0.0	0.0	43076.8
13:56.30	2	DT	0	1.36	23.0	8.0	Ring#3	-1.83	-2.18	0.72	0.65	43076.8
13:56.34	2	RF	204.71	19.48	466.0	226.0	Ring#1	-14.07	1.35	3.9	-12.16	43731.75
13:56.34	2	RF	204.71	19.48	466.0	226.0	Ring#2	344.21	340.6	-19.96	-8.04	43731.75
13:56.34	2	TT	67.19	68.58	875.0	175.0	Ring#1	-1.0	-2.0	-2.0	-2.0	43731.75
13:56.34	2	TT	67.19	68.58	875.0	175.0	Ring#2	-1.0	0.0	0.0	-2.0	43731.75
13:56.34	2	TT	67.19	68.58	875.0	175.0	Ring#3	4.0	2.0	2.0	2.0	43731.75
13:56.35	2	TT	67.19	68.58	875.0	175.0	Ring#4	87.85	87.38	450.11	449.7	43731.75
13:56.35	2	DT	0	1.36	30.5	0.5	Ring#1	0.0	0.0	0.0	0.0	43731.75
13:56.35	2	DT	0	1.36	30.5	0.5	Ring#2	0.0	0.0	0.0	0.0	43731.75
13:56.35	2	DT	0	1.36	30.5	0.5	Ring#3	0.0	0.0	0.0	0.0	43731.75
13:56.35	2	DT	0	1.36	23.0	8.0	Ring#3	-6.1	-3.67	1.49	3.03	43731.75
13:56.39	2	RF	210.47	66.22	466.0	226.0	Ring#1	19.24	36.38	37.14	16.12	44380.7
13:56.39	2	RF	210.47	66.22	466.0	226.0	Ring#2	344.23	341.35	19.9	31.44	44380.7
13:56.39	2	RF	210.47	66.22	406.0	286.0	Ring#3	282.42	256.09	334.18	299.85	44380.7
13:56.39	2	TT	81.12	101.65	875.0	175.0	Ring#1	-1.0	-2.0	-2.0	-2.0	44380.7
13:56.39	2	TT	81.12	101.65	875.0	175.0	Ring#2	-1.0	0.0	0.0	-2.0	44380.7
13:56.39	2	TT	81.12	101.65	875.0	175.0	Ring#3	4.0	2.0	2.0	2.0	44380.7
13:56.39	2	TT	81.12	101.65	700.0	350.0	Ring#4	198.47	198.32	450.91	450.15	44380.7
13:56.39	2	DT	0	1.36	30.5	0.5	Ring#1	0.0	0.0	0.0	0.0	44380.7
13:56.39	2	DT	0	1.36	30.5	0.5	Ring#2	0.0	0.0	0.0	0.0	44380.7
13:56.39	2	DT	0	1.36	30.5	0.5	Ring#3	0.0	0.0	0.0	0.0	44380.7
13:56.39	2	DT	0	1.36	23.0	8.0	Ring#3	-5.09	-0.77	1.78	2.91	44380.7
13:56.46	2	RF	245.63	90.75	466.0	226.0	Ring#1	107.29	130.61	128.48	112.42	45033.98
13:56.46	2	RF	245.63	90.75	466.0	226.0	Ring#2	344.98	342.24	115.6	127.21	45033.98
13:56.46	2	RF	245.63	90.75	406.0	286.0	Ring#3	282.31	257.6	333.47	300.0	45033.98
13:56.46	2	TT	94.82	98.19	875.0	175.0	Ring#1	-1.0	-2.0	-2.0	-2.0	45033.98
13:56.46	2	TT	94.82	98.19	875.0	175.0	Ring#2	-1.0	0.0	0.0	-2.0	45033.98
13:56.46	2	TT	94.82	98.19	875.0	175.0	Ring#3	4.0	2.0	2.0	2.0	45033.98
13:56.46	2	TT	94.82	98.19	700.0	350.0	Ring#4	307.32	307.76	451.35	450.63	45033.98
13:56.46	2	DT	0	1.36	30.5	0.5	Ring#1	0.0	0.0	0.0	0.0	45033.98
13:56.47	2	DT	0	1.36	30.5	0.5	Ring#2	0.0	0.0	0.0	0.0	45033.98
13:56.47	2	DT	0	1.36	30.5	0.5	Ring#3	0.0	0.0	0.0	0.0	45033.98
13:56.47	2	DT	0	1.36	30.5	0.5	Ring#3	-5.73	-0.8	-0.36	0.09	45033.98
13:56.54	2	RF	280.97	91.69	466.0	226.0	Ring#1	200.81	225.05	218.61	208.4	45685.05
13:56.54	2	RF	280.97	91.69	466.0	226.0	Ring#2	345.9	341.64	209.37	220.52	45685.05
13:56.54	2	RF	280.97	91.69	406.0	286.0	Ring#3	283.19	258.37	333.85	299.69	45685.05
13:56.54	2	TT	108.15	53.91	875.0	175.0	Ring#1	-1.0	-2.0	-2.0	-2.0	45685.05
13:56.54	2	TT	108.15	53.91	875.0	175.0	Ring#2	-1.0	0.0	0.0	-2.0	45685.05
13:56.54	2	TT	108.15	53.91	875.0	175.0	Ring#3	4.0	2.0	2.0	2.0	45685.05
13:56.54	2	DT	0	1.36	30.5	0.5	Ring#1	0.0	0.0	0.0	0.0	45685.05
13:56.54	2	DT	0	1.36	30.5	0.5	Ring#2	0.0	0.0	0.0	0.0	45685.05
13:56.54	2	DT	0	1.36	30.5	0.5	Ring#3	0.0	0.0	0.0	0.0	45685.05
13:56.54	2	DT	0	1.36	30.5	0.5	Ring#3	-5.91	-0.41	-1.47	-0.79	45685.05
13:57.02	2	TT	112.59	8.87	875.0	175.0	Ring#1	-1.0	-2.0	-2.0	-2.0	46340.86
13:57.02	2	TT	112.59	8.87	875.0	175.0	Ring#2	-1.0	0.0	0.0	-2.0	46340.86
13:57.02	2	TT	112.59	8.87	875.0	175.0	Ring#3	4.0	2.0	2.0	2.0	46340.86
13:57.03	2	DT	0	1.36	30.5	0.5	Ring#1	0.0	0.0	0.0	0.0	46340.86
13:57.03	2	DT	0	1.36	30.5	0.5	Ring#2	0.0	0.0	0.0	0.0	46340.86
13:57.04	2	DT	0	1.36	30.5	0.5	Ring#3	0.0	0.0	0.0	0.0	46340.86
13:57.04	2	DT	0	1.36	30.5	0.5	Ring#3	-1.38	0.0	-1.99	-1.87	46340.86
13:57.07	2	TT	112.53	9.08	875.0	175.0	Ring#1	-1.0	-2.0	-2.0	-2.0	46990.27
13:57.07	2	TT	112.53	9.08	875.0	175.0	Ring#2	-1.0	0.0	0.0	-2.0	46990.27
13:57.07	2	TT	112.53	9.08	875.0	175.0	Ring#3	4.0	2.0	2.0	2.0	46990.27
13:57.08	2	DT	0	1.36	30.5	0.5	Ring#1	0.0	0.0	0.0	0.0	46990.27
13:57.08	2	DT	0	1.36	30.5	0.5	Ring#2	0.0	0.0	0.0	0.0	46990.27
13:57.08	2	DT	0	1.36	30.5	0.5	Ring#3	0.0	0.0	0.0	0.0	46990.27
13:57.08	2	DT	0	1.36	30.5	0.5	Ring#3	-1.87	-1.88	-2.08	-1.88	46990.27
13:57.19	2	TT	112.42	9.17	875.0	175.0	Ring#1	-1.0	-2.0	-2.0	-2.0	47650.34
13:57.19	2	TT	112.42	9.17	875.0	175.0	Ring#2	-1.0	0.0	0.0	-2.0	47650.34
13:57.19	2	TT	112.42	9.17	875.0	175.0	Ring#3	4.0	2.0	2.0	2.0	47650.34
13:57.19	2	DT	0	1.36	30.5	0.5	Ring#1	0.0	0.0	0.0	0.0	47650.34
13:57.20	2	DT	0	1.36	30.5	0.5	Ring#2	0.0	0.0	0.0	0.0	47650.34
13:57.20	2	DT	0	1.36	30.5	0.5	Ring#3	0.0	0.0	0.0	0.0	47650.34
13:57.20	2	DT	0	1.36	23.0	8.0	Ring#3	0.37	-0.13	0.53	-0.13	47650.34
13:57.23	2	TT	112.25	9.31	875.0	175.0	Ring#1	-1.0	-2.0	-2.0	-2.0	48299.31
13:57.23	2	TT	112.25	9.31	875.0	175.0	Ring#2	-1.0	0.0	0.0	-2.0	48299.31
13:57.23	2	TT	112.25	9.31	875.0	175.0	Ring#3	4.0	2.0	2.0	2.0	48299.31
13:57.23	2	DT	0	1.36	30.5	0.5	Ring#1	0.0	0.0	0.0	0.0	48299.31
13:57.23	2	DT	0	1.36	30.5	0.5	Ring#2	0.0	0.0	0.0	0.0	48299.31
13:57.23	2	DT	0	1.36	30.5	0.5	Ring#3	0.0	0.0	0.0	0.0	48299.31
13:57.23	2	DT	0	1.36	23.0	8.0	Ring#3	2.24	0.12	1.46	0.74	48299.31
13:57.29	2	TT	112.15	8.88	875.0	175.0	Ring#1	-1.0	-2.0	-2.0	-2.0	48950.84
13:57.29	2	TT	112.15	8.88	875.0	175.0	Ring#2	-1.0	0.0	0.0	-2.0	48950.84
13:57.29	2	TT	112.15	8.88	875.0	175.0	Ring#3	4.0	2.0	2.0	2.0	48950.84
13:57.29	2	DT	0	1.36	30.5	0.5	Ring#1	0.0	0.0	0.0	0.0	48950.84
13:57.29	2	DT	0	1.36	30.5	0.5	Ring#2	0.0	0.0	0.0	0.0	48950.84
13:57.29	2	DT	0	1.36	30.5	0.5	Ring#3	0.0	0.0	0.0	0.0	48950.84
13:57.29	2	DT	0	1.36	23.0	8.0	Ring#3	3.6	0.75	0.4	0.67	48950.84
13:57.50	2	TT	112.25	8.44	875.0	175.0	Ring#1	-1.0	-2.0	-2.0	-2.0	49608.32
13:57.50	2	TT	112.25	8.44	875.0	175.0	Ring#2	-1.0	0.0	0.0	-2.0	49608.32
13:57.50	2	TT	112.25	8.44	875.0	175.0	Ring#3	4.0	2.0	2.0	2.0	49608.32
13:57.50	2	DT	0	1.36	30.5	0.5	Ring#1	0.0	0.0	0.0	0.0	49608.32
13:57.50	2	DT	0	1.36	30.5	0.5	Ring#2	0.0	0.0	0.0	0.0	49608.32
13:57.50	2	DT	0	1.36	30.5	0.5	Ring#3	0.0	0.0	0.0	0.0	49608.32
13:57.50	2	DT	0	1.36	23.0	8.0	Ring#3	3.22	1.79	-0.39	-0.99	49608.32
13:57.58	2	TT	112.34	8.19	875.0	175.0	Ring#1	-1.0	-2.0	-2.0	-2.0	50263.3
13:57.58	2	TT	112.34	8.19	875.0	175.0	Ring#2	-1.0	0.0	0.0	-2.0	50263.3
13:57.58	2	TT	112.34	8.19	875.0	175.0	Ring#3	4.0	2.0	2.0	2.0	50263.3
13:57.58	2	DT	0	1.36	30.5	0.5	Ring#1	0.0	0.0	0.0	0.0	50263.3
13:57.58	2	DT	0	1.36	30.5	0.5	Ring#2	0.0	0.0	0.0	0.0	50263.3
13:57.58	2	DT	0	1.36	30.5	0.5	Ring#3	0.0	0.0	0.0	0.0	50263.3
13:57.58	2	DT	0	1.36	23.0	8.0	Ring#3	2.65	0.35	-1.95	-1.94	50263.3
13:58.03	2	TT	112.36	7.91	875.0	175.0	Ring#1	-1.0	-2.0	-2.0	-2.0	50910.55
13:58.03	2	TT	112.36	7.91	875.0	175.0	Ring#2	-1.0	0.0	0.0	-2.0	50910.55
13:58.03	2	TT	112.36	7.91	875.0	175.0	Ring#3	4.0	2.0	2.0	2.0	50910.55
13:58.03	2	DT	0	1.36	30.5	0.5	Ring#1	0.0	0.0	0.0	0.0	50910.55
13:58.03	2	DT	0	1.36	30.5	0.5	Ring#2	0.0	0.0	0.0	0.0	50910.55
13:58.04	2	DT	0	1.36	30.5	0.5	Ring#3	0.0	0.0	0.0	0.0	50910.55
13:58.04	2	DT	0	1.36	23.0	8.0	Ring#3	0.69	-0.93	-1.51	-2.33	50910.55
13:58.17	3	TT	112.33	7.86	875.0	175.0	Ring#1	-1.0	-2.0	-2.0	-2.0	-402.81
13:58.17	3	TT	112.33	7.86	875.0	175.0	Ring#2	-1.0	0.0	0.0	-2.0	-402.81
13:58.17	3	TT	112.33	7.86	875.0	175.0	Ring#3	4.0	2.0	2.0	2.0	-402.81
13:58.17	3	DT	0	1.36	30.5	0.5	Ring#1	0.0	0.0	0.0	0.0	-402.81
13:58.17	3	DT	0	1.36	30.5	0.5	Ring#2	0.0	0.0	0.0	0.0	-402.81
13:58.17	3	DT	0	1.36	30.5	0.5	Ring#3	0.0	0.0	0.0	0.0	-402.81
13:58.17	3	DT	0	1.36	30.5	0.5	Ring#3	-1.42	-1.42	-1.99	-1.68	-402.81
13:58.22	3	TT	112.45	7.87	875.0	175.0	Ring#1	-1.0	-2.0	-2.0	-2.0	75.51
13:58.22	3	TT	112.45	7.87	875.0	175.0	Ring#2	-1.0	0.0	0.0	-2.0	75.51
13:58.22	3	TT	112.45	7.87	875.0	175.0	Ring#3	4.0	2.0	2.0	2.0	75.51
13:58.22	3	DT	0	1.36	30.5	0.5	Ring#1	0.0	0.0	0.0	0.0	75.51
13:58.22	3	DT	0	1.36	30.5	0.5	Ring#2	0.0	0.0	0.0	0.0	75.51
13:58.22	3	DT	0	1.36	30.5	0.5	Ring#3	0.0	0.0	0.0	0.0	75.51
13:58.22	3	DT	0	1.36	30.5	0.5	Ring#3	-3.28	-2.73	-2.26	-2.14	75.51
13:58.33	3	TT	112.49	7.82	875.0	175.0	Ring#1	-1.0	-2.0	-2.0	-2.0	730.09
13:58.33	3	TT	112.49	7.82	875.0	175.0	Ring#2	-1.0	0.0	0.0	-2.0	730.09
13:58.33	3	TT	112.49	7.82	875.0	175.0	Ring#3	4.0	2.0	2.0	2.0	730.09
13:58.34	3	DT	0	1.36	30.5	0.5	Ring#1	0.0	0.0	0.0	0.0	730.09
13:58.34	3	DT	0	1.36	30.5	0.5	Ring#2	0.0	0.0	0.0	0.0	730.09
13:58.34	3	DT	0	1.36	30.5	0.5	Ring#3	0.0	0.0	0.0	0.0	730.09
13:58.34	3	DT	0	1.36	30.5	0.5	Ring#3	-3.13	-1.57	-1.59	-2.26	730.09
13:58.38	3	TT	112.56	8.4	875.0	175.0	Ring#1	-1.0	-2.0	-2.0	-2.0	1385.1
13:58.38	3	TT	112.56	8.4	875.0	175.0	Ring#2	-1.0	0.0	0.0	-2.0	1385.1
13:58.38	3	TT	112.56	8.4	875.0	175.0	Ring#3	4.0	2.0	2.0	2.0	1385.1
13:58.38	3	DT	0	1.36	30.5	0.5	Ring#1	0.0	0.0	0.0	0.0	1385.1
13:58.38	3	DT	0	1.36	30.5	0.5	Ring#2	0.0	0.0	0.0	0.0	1385.1
13:58.38	3	DT	0	1.36	30.5	0.5	Ring#3	0.0	0.0	0.0	0.0	1385.1
13:58.38	3	DT	0	1.36	30.5	0.5	Ring#3	-3.89	-1.24	-0.85	-2.28	1385.1
13:58.46	3	TT	112.61	8.29	875.0	175.0	Ring#1	-1.0	-2.0	-2.0	-2.0	2040.96
13:58.46	3	TT	112.61	8.29	875.0	175.0	Ring#2	-1.0	0.0	0.0	-2.0	2040.96
13:58.46	3	TT	112.61	8.29	875.0	175.0	Ring#3	4.0	2.0	2.0	2.0	2040.96
13:58.47	3	DT	0	1.36	30.5	0.5	Ring#1	0.0	0.0	0.0	0.0	2040.96
13:58.47	3	DT	0	1.36	30.5	0.5	Ring#2	0.0	0.0	0.0	0.0	2040.96
13:58.47	3	DT	0	1.36	30.5	0.5	Ring#3	0.0	0.0	0.0	0.0	2040.96
13:58.47	3	DT	0	1.36	30.5	0.5	Ring#3	-2.53	0.08	-2.08	-1.38	2040.96
13:58.51	3	TT	112.67	8.03	875.0	175.0	Ring#1	-1.0	-2.0	-2.0	-2.0	2694.26
13:58.51	3	TT	112.67	8.03	875.0	175.0	Ring#2	-1.0	0.0	0.0	-2.0	2694.26
13:58.51	3	TT	112.67	8.03	875.0	175.0	Ring#3	4.0	2.0	2.0	2.0	2694.26
13:58.52	3	DT	0	1.36	30.5	0.5	Ring#1	0.0	0.0	0.0	0.0	2694.26
13:58.52	3	DT	0	1.36	30.5	0.5	Ring#2	0.0	0.0	0.0	0.0	2694.26
13:58.52	3	DT	0	1.36	30.5	0.5	Ring#3	0.0	0.0	0.0	0.0	2694.26
13:58.52	3	DT	0	1.36	23.0	8.0	Ring#3	1.07	1.98	-1.79	-1.89	2694.26
13:59.04	3	TT	112.57	8.37	875.0	175.0	Ring#1	-1.0	-2.0	-2.0	-2.0	3343.75
13:59.04	3	TT	112.57	8.37	875.0	175.0	Ring#2	-1.0	0.0	0.0	-2.0	3343.75
13:59.04	3	TT	112.57	8.37	875.0	175.0	Ring#3	4.0	2.0	2.0	2.0	3343.75
13:59.04	3	DT	0	1.36	30.5	0.5	Ring#1	0.0	0.0	0.0	0.0	3343.75
13:59.04	3	DT	0	1.36	30.5	0.5	Ring#2	0.0	0.0	0.0	0.0	3343.75
13:59.04	3	DT	0	1.36	30.5	0.5	Ring#3	0.0	0.0	0.0	0.0	3343.75
13:59.04	3	DT	0	1.36	23.0	8.0	Ring#3	1.97	1.47	-2.08	-3.81	3343.75
13:59.09	3	TT	112.56	7.97	875.0	175.0	Ring#1	-1.0	-2.0	-2.0	-2.0	3991.5
13:59.09	3	TT	112.56	7.97	875.0	175.0	Ring#2	-1.0	0.0	0.0	-2.0	3991.5
13:59.09	3	TT	112.56	7.97	875.0	175.0	Ring#3	4.0	2.0	2.0	2.0	3991.5
13:59.09	3	DT	0	1.36	30.5	0.5	Ring#1	0.0	0.0	0.0	0.0	3991.5
13:59.09	3	DT	0	1.36	30.5	0.5	Ring#2	0.0	0.0	0.0	0.0	3991.5
13:59.09	3	DT	0	1.36	30.5	0.5	Ring#3	0.0	0.0	0.0	0.0	3991.5
13:59.09	3	DT	0	1.36	23.0	8.0	Ring#3	2.4	1.35	-2.85	-5.29	3991.5
13:59.20	3	TT	112.41	7.6	875.0	175.0	Ring#1	-1.0	-2.0	-2.0	-2.0	4649.5
13:59.21	3	TT	112.41	7.6	875.0	175.0	Ring#2	-1.0	0.0	0.0	-2.0	4649.5
13:59.21	3	TT	112.41	7.6	875.0	175.0	Ring#3	4.0	2.0	2.0	2.0	4649.5
13:59.21	3	DT	0	1.36	30.5	0.5	Ring#1	0.0	0.0	0.0	0.0	4649.5
13:59.21	3	DT	0	1.36	30.5	0.5	Ring#2	0.0	0.0	0.0	0.0	4649.5
13:59.21	3	DT	0	1.36	30.5	0.5	Ring#3	0.0	0.0	0.0	0.0	4649.5
13:59.21	3	DT	0	1.36	23.0	8.0	Ring#3	2.82	1.88	-3.91	-5.42	4649.5
13:59.25	3	TT	112.41	7.42	875.0	175.0	Ring#1	-1.0	-2.0	-2.0	-2.0	5300.67
13:59.25	3	TT	112.41	7.42	875.0	175.0	Ring#2	-1.0	0.0	0.0	-2.0	5300.67
13:59.26	3	TT	112.41	7.42	875.0	175.0	Ring#3	4.0	2.0	2.0	2.0	5300.67
13:59.26	3	DT	0	1.36	30.5	0.5	Ring#1	0.0	0.0	0.0	0.0	5300.67
13:59.26	3	DT	0	1.36	30.5	0.5	Ring#2	0.0	0.0	0.0	0.0	5300.67
13:59.26	3	DT	0	1.36	30.5	0.5	Ring#3	0.0	0.0	0.0	0.0	5300.67
13:59.26	3	DT	0	1.36	23.0	8.0	Ring#3	2.86	0.5	-3.49	-6.21	5300.67
13:59.37	3	TT	112.35	7.55	875.0	175.0	Ring#1	-1.0	-2.0	-2.0	-2.0	5954.87
13:59.37	3	TT	112.35	7.55	875.0	175.0	Ring#2	-1.0	0.0	0.0	-2.0	5954.87
13:59.37	3	TT	112.35	7.55	875.0	175.0	Ring#3	4.0	2.0	2.0	2.0	5954.87
13:59.37	3	DT	0	1.36	30.5	0.5	Ring#1	0.0	0.0	0.0	0.0	5954.87
13:59.37	3	DT	0	1.36	30.5	0.5	Ring#2	0.0	0.0	0.0	0.0	5954.87
13:59.37	3	DT	0	1.36	30.5	0.5	Ring#3	0.0	0.0	0.0	0.0	5954.87
13:59.37	3	DT	0	1.36	23.0	8.0	Ring#3	2.12	1.49	-4.07	-5.21	5954.87
13:59.41	3	TT	112.29	7.71	875.0	175.0	Ring#1	-1.0	-2.0	-2.0	-2.0	6612.79
13:59.41	3	TT	112.29	7.71	875.0	175.0	Ring#2	-1.0	0.0	0.0	-2.0	6612.79
13:59.41	3	TT	112.29	7.71	875.0	175.0	Ring#3	4.0	2.0	2.0	2.0	6612.79
13:59.41	3	DT	0	1.36	30.5	0.5	Ring#1	0.0	0.0	0.0	0.0	6612.79
13:59.41	3	DT	0	1.36	30.5	0.5	Ring#2	0.0	0.0	0.0	0.0	6612.79
13:59.41	3	DT	0	1.36	30.5	0.5	Ring#3	0.0	0.0	0.0	0.0	6612.79
13:59.41	3	DT	0	1.36	23.0	8.0	Ring#3	2.24	1.16	-3.48	-4.48	6612.79
13:59.53	3	TT	112.26	7.93	875.0	175.0	Ring#1	-1.0	-2.0	-2.0	-2.0	7267.38
13:59.53	3	TT	112.26	7.93	875.0	175.0	Ring#2	-1.0	0.0	0.0	-2.0	7267.38
13:59.53	3	TT	112.26	7.93	875.0	175.0	Ring#3	4.0	2.0	2.0	2.0	7267.38
13:59.53	3	DT	0	1.36	30.5	0.5	Ring#1	0.0	0.0	0.0	0.0	7267.38
13:59.53	3	DT	0	1.36	30.5	0.5	Ring#2	0.0	0.0	0.0	0.0	7267.38
13:59.53	3	DT	0	1.36	30.5	0.5	Ring#3	0.0	0.0	0.0	0.0	7267.38
13:59.53	3	DT	0	1.36	23.0	8.0	Ring#3	3.03	1.57	-0.96	-1.95	7267.38
13:59.56	3	TT	112.21	7.75	875.0	175.0	Ring#1	-1.0	-2.0	-2.0	-2.0	7920.69
13:59.56	3	TT	112.21	7.75	875.0	175.0	Ring#2	-1.0	0.0	0.0	-2.0	7920.69
13:59.56	3	TT	112.21	7.75	875.0	175.0	Ring#3	4.0	2.0	2.0	2.0	7920.69
13:59.56	3	DT	0	1.36	30.5	0.5	Ring#1	0.0	0.0	0.0	0.0	7920.69
13:59.56	3	DT	0	1.36	30.5	0.5	Ring#2	0.0	0.0	0.0	0.0	7920.69
13:59.57	3	DT	0	1.36	30.5	0.5	Ring#3	0.0	0.0	0.0	0.0	7920.69
13:59.57	3	DT	0	1.36	23.0	8.0	Ring#3	2.43	0.39	1.45	0.33	7920.69
14:00.08	3	TT	112.16	7.73	875.0	175.0	Ring#1	-1.0	-2.0	-2.0	-2.0	8571.43
14:00.08	3	TT	112.16	7.73	875.0	175.0	Ring#2	-1.0	0.0	0.0	-2.0	8571.43
14:00.08	3	TT	112.16	7.73	875.0	175.0	Ring#3	4.0	2.0	2.0	2.0	8571.43
14:00.08	3	DT	0	1.36	30.5	0.5	Ring#1	0.0	0.0	0.0	0.0	8571.43
14:00.08	3	DT	0	1.36	30.5	0.5	Ring#2	0.0	0.0	0.0	0.0	8571.43
14:00.09	3	DT	0	1.36	30.5	0.5	Ring#3	0.0	0.0	0.0	0.0	8571.43
14:00.09	3	DT	0	1.36	23.0	8.0	Ring#3	1.6	0.07	2.14	2.15	8571.43
14:00.12	3	TT	112.26	7.19	875.0	175.0	Ring#1	-1.0	-2.0	-2.0	-2.0	9221.34
14:00.12	3	TT	112.26	7.19	875.0	175.0	Ring#2	-1.0	0.0	0.0	-2.0	9221.34
14:00.12	3	TT	112.26	7.19	875.0	175.0	Ring#3	4.0	2.0	2.0	2.0	9221.34
14:00.13	3	DT	0	1.36	30.5	0.5	Ring#1	0.0	0.0	0.0	0.0	9221.34
14:00.13	3	DT	0	1.36	30.5	0.5	Ring#2	0.0	0.0	0.0	0.0	9221.34
14:00.13	3	DT	0	1.36	30.5	0.5	Ring#3	0.0	0.0	0.0	0.0	9221.34
14:00.13	3	DT	0	1.36	23.0	8.0	Ring#3	0.72	-1.2	2.61	2.65	9221.34
14:00.24	3	TT	112.32	7.05	875.0	175.0	Ring#1	-1.0	-2.0	-2.0	-2.0	9865.72
14:00.24	3	TT	112.32	7.05	875.0	175.0	Ring#2	-1.0	0.0	0.0	-2.0	9865.72
14:00.24	3	TT	112.32	7.05	875.0	175.0	Ring#3	4.0	2.0	2.0	2.0	9865.72
14:00.24	3	DT	0	1.36	30.5	0.5	Ring#1	0.0	0.0	0.0	0.0	9865.72
14:00.24	3	DT	0	1.36	30.5	0.5	Ring#2	0.0	0.0	0.0	0.0	9865.72
14:00.24	3	DT	0	1.36	30.5	0.5	Ring#3	0.0	0.0	0.0	0.0	9865.72
14:00.24	3	DT	0	1.36	23.0	8.0	Ring#3	-0.42	-1.34	2.45	2.5	9865.72
14:00.29	3	TT	112.38	6.8	875.0	175.0	Ring#1	-1.0	-2.0	-2.0	-2.0	10519.9
14:00.30	3	TT	112.38	6.8	875.0	175.0	Ring#2	-1.0	0.0	0.0	-2.0	10519.9
14:00.30	3	TT	112.38	6.8	875.0	175.0	Ring#3	4.0	2.0	2.0	2.0	10519.9
14:00.30	3	DT	0	1.36	30.5	0.5	Ring#1	0.0	0.0	0.0	0.0	10519.9
14:00.30	3	DT	0	1.36	30.5	0.5	Ring#2	0.0	0.0	0.0	0.0	10519.9
14:00.30	3	DT	0	1.36	30.5	0.5	Ring#3	0.0	0.0	0.0	0.0	10519.9
14:00.30	3	DT	0	1.36	23.0	8.0	Ring#3	-1.24	-2.14	2.54	1.68	10519.9
14:00.41	3	TT	112.36	6.64	875.0	175.0	Ring#1	-1.0	-2.0	-2.0	-2.0	11181.69
14:00.41	3	TT	112.36	6.64	875.0	175.0	Ring#2	-1.0	0.0	0.0	-2.0	11181.69
14:00.41	3	TT	112.36	6.64	875.0	175.0	Ring#3	4.0	2.0	2.0	2.0	11181.69
14:00.41	3	DT	0	1.36	30.5	0.5	Ring#1	0.0	0.0	0.0	0.0	11181.69
14:00.42	3	DT	0	1.36	30.5	0.5	Ring#2	0.0	0.0	0.0	0.0	11181.69
14:00.42	3	DT	0	1.36	30.5	0.5	Ring#3	0.0	0.0	0.0	0.0	11181.69
14:00.42	3	DT	0	1.36	23.0	8.0	Ring#3	-0.95	-0.29	1.18	1.63	11181.69
14:00.47	3	TT	112.32	6.67	875.0	175.0	Ring#1	-1.0	-2.0	-2.0	-2.0	11832.43
14:00.47	3	TT	112.32	6.67	875.0	175.0	Ring#2	-1.0	0.0	0.0	-2.0	11832.43
14:00.47	3	TT	112.32	6.67	875.0	175.0	Ring#3	4.0	2.0	2.0	2.0	11832.43
14:00.48	3	DT	0	1.36	30.5	0.5	Ring#1	0.0	0.0	0.0	0.0	11832.43
14:00.48	3	DT	0	1.36	30.5	0.5	Ring#2	0.0	0.0	0.0	0.0	11832.43
14:00.48	3	DT	0	1.36	30.5	0.5	Ring#3	0.0	0.0	0.0	0.0	11832.43
14:00.48	3	DT	0	1.36	23.0	8.0	Ring#3	0.85	0.93	-0.62	1.79	11832.43
14:00.53	3	TT	112.36	6.79	875.0	175.0	Ring#1	-1.0	-2.0	-2.0	-2.0	12485.75
14:00.54	3	TT	112.36	6.79	875.0	175.0	Ring#2	-1.0	0.0	0.0	-2.0	12485.75
14:00.54	3	TT	112.36	6.79	875.0	175.0	Ring#3	4.0	2.0	2.0	2.0	12485.75
14:00.54	3	DT	0	1.36	30.5	0.5	Ring#1	0.0	0.0	0.0	0.0	12485.75
14:00.54	3	DT	0	1.36	30.5	0.5	Ring#2	0.0	0.0	0.0	0.0	12485.75
14:00.54	3	DT	0	1.36	30.5	0.5	Ring#3	0.0	0.0	0.0	0.0	12485.75
14:00.54	3	DT	0	1.36	23.0	8.0	Ring#3	1.35	1.35	-2.05	1.12	12485.75
14:01.02	3	TT	112.44	6.72	875.0	175.0	Ring#1	-1.0	-2.0	-2.0	-2.0	13138.61
14:01.02	3	TT	112.44	6.72	875.0	175.0	Ring#2	-1.0	0.0	0.0	-2.0	13138.61
14:01.02	3	TT	112.44	6.72	875.0	175.0	Ring#3	4.0	2.0	2.0	2.0	13138.61
14:01.02	3	DT	0	1.36	30.5	0.5	Ring#1	0.0	0.0	0.0	0.0	13138.61
14:01.02	3	DT	0	1.36	30.5	0.5	Ring#2	0.0	0.0	0.0	0.0	13138.61
14:01.02	3	DT	0	1.36	30.5	0.5	Ring#3	0.0	0.0	0.0	0.0	13138.61
14:01.02	3	DT	0	1.36	23.0	8.0	Ring#3	2.74	2.48	-1.25	0.22	13138.61
14:01.07	3	TT	112.45	6.96	875.0	175.0	Ring#1	-1.0	-2.0	-2.0	-2.0	13796.17
14:01.07	3	TT	112.45	6.96	875.0	175.0	Ring#2	-1.0	0.0	0.0	-2.0	13796.17
14:01.07	3	TT	112.45	6.96	875.0	175.0	Ring#3	4.0	2.0	2.0	2.0	13796.17
14:01.07	3	DT	0	1.36	30.5	0.5	Ring#1	0.0	0.0	0.0	0.0	13796.17
14:01.07	3	DT	0	1.36	30.5	0.5	Ring#2	0.0	0.0	0.0	0.0	13796.17
14:01.07	3	DT	0	1.36	30.5	0.5	Ring#3	0.0	0.0	0.0	0.0	13796.17
14:01.07	3	DT	0	1.36	23.0	8.0	Ring#3	3.52	2.75	-0.42	0.33	13796.17
14:01.21	3	TT	112.46	7.15	875.0	175.0	Ring#1	-1.0	-2.0	-2.0	-2.0	14440.99
14:01.21	3	TT	112.46	7.15	875.0	175.0	Ring#2	-1.0	0.0	0.0	-2.0	14440.99
14:01.21	3	TT	112.46	7.15	875.0	175.0	Ring#3	4.0	2.0	2.0	2.0	14440.99
14:01.21	3	DT	0	1.36	30.5	0.5	Ring#1	0.0	0.0	0.0	0.0	14440.99
14:01.21	3	DT	0	1.36	30.5	0.5	Ring#2	0.0	0.0	0.0	0.0	14440.99
14:01.21	3	DT	0	1.36	30.5	0.5	Ring#3	0.0	0.0	0.0	0.0	14440.99
14:01.21	3	DT	0	1.36	23.0	8.0	Ring#3	4.5	2.68	-0.76	1.11	14440.99
14:01.25	3	TT	112.53	7.26	875.0	175.0	Ring#1	-1.0	-2.0	-2.0	-2.0	15095.17
14:01.25	3	TT	112.53	7.26	875.0	175.0	Ring#2	-1.0	0.0	0.0	-2.0	15095.17
14:01.26	3	TT	112.53	7.26	875.0	175.0	Ring#3	4.0	2.0	2.0	2.0	15095.17
14:01.26	3	DT	0	1.36	30.5	0.5	Ring#1	0.0	0.0	0.0	0.0	15095.17
14:01.26	3	DT	0	1.36	30.5	0.5	Ring#2	0.0	0.0	0.0	0.0	15095.17
14:01.26	3	DT	0	1.36	30.5	0.5	Ring#3	0.0	0.0	0.0	0.0	15095.17
14:01.26	3	DT	0	1.36	23.0	8.0	Ring#3	3.15	2.48	-0.73	0.19	15095.17
14:01.38	3	TT	112.56	7.25	875.0	175.0	Ring#1	-1.0	-2.0	-2.0	-2.0	15741.63
14:01.38	3	TT	112.56	7.25	875.0	175.0	Ring#2	-1.0	0.0	0.0	-2.0	15741.63
14:01.38	3	TT	112.56	7.25	875.0	175.0	Ring#3	4.0	2.0	2.0	2.0	15741.63
14:01.38	3	DT	0	1.36	30.5	0.5	Ring#1	0.0	0.0	0.0	0.0	15741.63
14:01.39	3	DT	0	1.36	30.5	0.5	Ring#2	0.0	0.0	0.0	0.0	15741.63
14:01.39	3	DT	0	1.36	30.5	0.5	Ring#3	0.0	0.0	0.0	0.0	15741.63
14:01.39	3	DT	0	1.36	23.0	8.0	Ring#3	3.94	2.45	0.81	0.28	15741.63
14:01.44	3	TT	112.61	7.11	875.0	175.0	Ring#1	-1.0	-2.0	-2.0	-2.0	16401.33
14:01.44	3	TT	112.61	7.11	875.0	175.0	Ring#2	-1.0	0.0	0.0	-2.0	16401.33
14:01.44	3	TT	112.61	7.11	875.0	175.0	Ring#3	4.0	2.0	2.0	2.0	16401.33
14:01.44	3	DT	0	1.36	30.5	0.5	Ring#1	0.0	0.0	0.0	0.0	16401.33
14:01.44	3	DT	0	1.36	30.5	0.5	Ring#2	0.0	0.0	0.0	0.0	16401.33
14:01.44	3	DT	0	1.36	30.5	0.5	Ring#3	0.0	0.0	0.0	0.0	16401.33
14:01.44	3	DT	0	1.36	23.0	8.0	Ring#3	3.92	1.86	1.72	0.33	16401.33
14:01.55	3	TT	112.7	6.93	875.0	175.0	Ring#1	-1.0	-2.0	-2.0	-2.0	17055.47
14:01.55	3	TT	112.7	6.93	875.0	175.0	Ring#2	-1.0	0.0	0.0	-2.0	17055.47
14:01.55	3	TT	112.7	6.93	875.0	175.0	Ring#3	4.0	2.0	2.0	2.0	17055.47
14:01.56	3	DT	0	1.36	30.5	0.5	Ring#1	0.0	0.0	0.0	0.0	17055.47
14:01.56	3	DT	0	1.36	30.5	0.5	Ring#2	0.0	0.0	0.0	0.0	17055.47
14:01.56	3	DT	0	1.36	30.5	0.5	Ring#3	0.0	0.0	0.0	0.0	17055.47
14:01.56	3	DT	0	1.36	23.0	8.0	Ring#3	3.31	2.5	1.04	0.37	17055.47
14:02.00	3	TT	112.65	7.07	875.0	175.0	Ring#1	-1.0	-2.0	-2.0	-2.0	17707.09
14:02.00	3	TT	112.65	7.07	875.0	175.0	Ring#2	-1.0	0.0	0.0	-2.0	17707.09
14:02.00	3	TT	112.65	7.07	875.0	175.0	Ring#3	4.0	2.0	2.0	2.0	17707.09
14:02.00	3	DT	0	1.36	30.5	0.5	Ring#1	0.0	0.0	0.0	0.0	17707.09
14:02.00	3	DT	0	1.36	30.5	0.5	Ring#2	0.0	0.0	0.0	0.0	17707.09
14:02.00	3	DT	0	1.36	30.5	0.5	Ring#3	0.0	0.0	0.0	0.0	17707.09
14:02.00	3	DT	0	1.36	23.0	8.0	Ring#3	4.14	3.45	0.41	-0.59	17707.09
14:02.22	3	RF	330.18	34.41	406.0	286.0	Ring#2	253.47	242.1	342.13	348.45	18354.87
14:02.22	3	TT	112.65	7.07	875.0	175.0	Ring#1	-1.0	-2.0	-2.0	-2.0	18354.87
14:02.22	3	TT	112.65	7.07	875.0	175.0	Ring#2	-1.0	0.0	0.0	-2.0	18354.87
14:02.23	3	TT	112.65	7.07	875.0	175.0	Ring#3	4.0	2.0	2.0	2.0	18354.87
14:02.23	3	DT	0	1.36	30.5	0.5	Ring#1	0.0	0.0	0.0	0.0	18354.87
14:02.23	3	DT	0	1.36	30.5	0.5	Ring#2	0.0	0.0	0.0	0.0	18354.87
14:02.23	3	DT	0	1.36	30.5	0.5	Ring#3	0.0	0.0	0.0	0.0	18354.87
14:02.23	3	DT	0	1.36	23.0	8.0	Ring#3	3.01	2.95	1.08	-0.14	18354.87
14:02.29	3	RF	322.78	36.77	466.0	226.0	Ring#2	195.32	179.58	342.03	348.99	18335.91
14:02.30	3	TT	112.58	7.27	875.0	175.0	Ring#1	-1.0	-2.0	-2.0	-2.0	18335.91
14:02.30	3	TT	112.58	7.27	875.0	175.0	Ring#2	-1.0	0.0	0.0	-2.0	18335.91
14:02.30	3	TT	112.58	7.27	875.0	175.0	Ring#3	4.0	2.0	2.0	2.0	18335.91
14:02.30	3	DT	0	1.36	30.5	0.5	Ring#1	0.0	0.0	0.0	0.0	18335.91
14:02.30	3	DT	0	1.36	30.5	0.5	Ring#2	0.0	0.0	0.0	0.0	18335.91
14:02.30	3	DT	0	1.36	30.5	0.5	Ring#3	0.0	0.0	0.0	0.0	18335.91
14:02.30	3	DT	0	1.36	23.0	8.0	Ring#3	4.76	3.14	1.09	0.27	18335.91
14:02.35	3	RF	315.38	36.46	466.0	226.0	Ring#2	137.82	117.88	341.97	349.04	18896.63
14:02.35	3	TT	112.53	7.12	875.0	175.0	Ring#1	-1.0	-2.0	-2.0	-2.0	18896.63
14:02.35	3	TT	112.53	7.12	875.0	175.0	Ring#2	-1.0	0.0	0.0	-2.0	18896.63
14:02.35	3	TT	112.53	7.12	875.0	175.0	Ring#3	4.0	2.0	2.0	2.0	18896.63
14:02.35	3	DT	0	1.36	30.5	0.5	Ring#1	0.0	0.0	0.0	0.0	18896.63
14:02.35	3	DT	0	1.36	30.5	0.5	Ring#2	0.0	0.0	0.0	0.0	18896.63
14:02.35	3	DT	0	1.36	30.5	0.5	Ring#3	0.0	0.0	0.0	0.0	18896.63
14:02.35	3	DT	0	1.36	23.0	8.0	Ring#3	4.05	2.66	0.64	-0.41	18896.63
14:09.11	1	RF	333.12	17.99	406.0	286.0	Ring#2	263.62	263.79	342.91	352.27	0
14:09.11	1	TT	64.04	1.85	875.0	175.0	Ring#1	-1.0	-2.0	-2.0	-2.0	0
14:09.11	1	TT	64.04	1.85	875.0	175.0	Ring#2	452.15	449.4	0.0	-2.0	0
14:09.11	1	TT	64.04	1.85	875.0	175.0	Ring#3	4.0	2.0	2.0	2.0	0
14:09.11	1	TT	64.04	1.85	875.0	175.0	Ring#4	28.65	32.05	30.9	30.45	0
14:09.11	1	DT	0	1.36	30.5	0.5	Ring#1	0.0	0.0	0.0	0.0	0
14:09.11	1	DT	0	1.36	30.5	0.5	Ring#2	-3.45	-0.6	0.0	0.0	0
14:09.11	1	DT	0	1.36	30.5	0.5	Ring#3	0.0	0.0	0.0	0.0	0
14:09.11	1	DT	0	1.36	30.5	0.5	Ring#3	-1.95	-2.4	-1.95	-2.2	0
14:09.14	1	RF	333.12	17.99	406.0	286.0	Ring#2	263.62	263.79	342.91	352.27	0
14:09.14	1	TT	64.04	1.85	875.0	175.0	Ring#1	-1.0	-2.0	-2.0	-2.0	0
14:09.14	1	TT	64.04	1.85	875.0	175.0	Ring#2	452.15	449.4	0.0	-2.0	0
14:09.14	1	TT	64.04	1.85	875.0	175.0	Ring#3	4.0	2.0	2.0	2.0	0
14:09.14	1	TT	64.04	1.85	875.0	175.0	Ring#4	28.65	32.05	30.9	30.45	0
14:09.14	1	DT	0	1.36	30.5	0.5	Ring#1	0.0	0.0	0.0	0.0	0
14:09.14	1	DT	0	1.36	30.5	0.5	Ring#2	-3.45	-0.6	0.0	0.0	0
14:09.14	1	DT	0	1.36	30.5	0.5	Ring#3	0.0	0.0	0.0	0.0	0
14:09.14	1	DT	0	1.36	30.5	0.5	Ring#3	-1.95	-2.4	-1.95	-2.2	0
14:09.18	1	RF	333.12	17.99	406.0	286.0	Ring#2	263.62	263.79	342.91	352.27	0
14:09.18	1	TT	64.04	1.85	875.0	175.0	Ring#1	-1.0	-2.0	-2.0	-2.0	0
14:09.18	1	TT	64.04	1.85	875.0	175.0	Ring#2	452.15	449.4	0.0	-2.0	0
14:09.18	1	TT	64.04	1.85	875.0	175.0	Ring#3	4.0	2.0	2.0	2.0	0
14:09.18	1	TT	64.04	1.85	875.0	175.0	Ring#4	28.65	32.05	30.9	30.45	0
14:09.18	1	DT	0	1.36	30.5	0.5	Ring#1	0.0	0.0	0.0	0.0	0
14:09.18	1	DT	0	1.36	30.5	0.5	Ring#2	-3.45	-0.6	0.0	0.0	0
14:09.18	1	DT	0	1.36	30.5	0.5	Ring#3	0.0	0.0	0.0	0.0	0
14:09.18	1	DT	0	1.36	30.5	0.5	Ring#3	-1.95	-2.4	-1.95	-2.2	0
14:09.22	1	RF	330.22	25.79	406.0	286.0	Ring#2	259.91	260.03	319.55	313.13	50901.11
14:09.22	1	TT	63.62	2.14	875.0	175.0	Ring#1	-1.0	-2.0	-2.0	-2.0	50901.11
14:09.22	1	TT	63.62	2.14	875.0	175.0	Ring#2	449.15	451.1	0.0	-2.0	50901.11
14:09.22	1	TT	63.62	2.14	875.0	175.0	Ring#3	4.0	2.0	2.0	2.0	50901.11
14:09.22	1	TT	63.62	2.14	875.0	175.0	Ring#4	28.2	27.75	31.0	29.8	50901.11
14:09.22	1	DT	0	1.36	30.5	0.5	Ring#1	0.0	0.0	0.0	0.0	50901.11
14:09.22	1	DT	0	1.36	30.5	0.5	Ring#2	-2.1	-3.0	0.0	0.0	50901.11
14:09.22	1	DT	0	1.36	30.5	0.5	Ring#3	0.0	0.0	0.0	0.0	50901.11
14:09.22	1	DT	0	1.36	30.5	0.5	Ring#3	-1.85	-2.55	-2.0	-2.3	50901.11
14:09.31	2	RF	327.53	27.76	406.0	286.0	Ring#2	262.05	257.37	295.52	298.69	-415.51
14:09.31	2	TT	63.64	2.14	875.0	175.0	Ring#1	-1.0	-2.0	-2.0	-2.0	-415.51
14:09.31	2	TT	63.64	2.14	875.0	175.0	Ring#2	450.1	449.5	0.0	-2.0	-415.51
14:09.31	2	TT	63.64	2.14	875.0	175.0	Ring#3	4.0	2.0	2.0	2.0	-415.51
14:09.31	2	TT	63.64	2.14	875.0	175.0	Ring#4	28.7	28.0	31.0	30.0	-415.51
14:09.31	2	DT	0	1.36	30.5	0.5	Ring#1	0.0	0.0	0.0	0.0	-415.51
14:09.32	2	DT	346.0	1.36	23.0	8.0	Ring#2	1.75	2.25	0.0	0.0	-415.51
14:09.32	2	DT	0	1.36	30.5	0.5	Ring#3	0.0	0.0	0.0	0.0	-415.51
14:09.32	2	DT	0	1.36	30.5	0.5	Ring#3	-2.0	-2.4	-1.7	-2.3	-415.51
14:09.35	2	RF	332.33	19.72	406.0	286.0	Ring#2	262.56	261.85	326.34	349.71	12.5
14:09.35	2	TT	63.76	2.44	875.0	175.0	Ring#1	-1.0	-2.0	-2.0	-2.0	12.5
14:09.35	2	TT	63.76	2.44	875.0	175.0	Ring#2	452.05	449.75	0.0	-2.0	12.5
14:09.35	2	TT	63.76	2.44	875.0	175.0	Ring#3	4.0	2.0	2.0	2.0	12.5
14:09.35	2	TT	63.76	2.44	875.0	175.0	Ring#4	27.9	28.5	31.0	29.9	12.5
14:09.35	2	DT	0	1.36	30.5	0.5	Ring#1	0.0	0.0	0.0	0.0	12.5
14:09.35	2	DT	0	1.36	30.5	0.5	Ring#2	-2.55	-0.45	0.0	0.0	12.5
14:09.36	2	DT	0	1.36	30.5	0.5	Ring#3	0.0	0.0	0.0	0.0	12.5
14:09.36	2	DT	0	1.36	30.5	0.5	Ring#3	-1.9	-2.9	-1.0	-2.4	12.5
14:09.45	2	RF	333.03	16.91	406.0	286.0	Ring#2	255.97	257.37	345.22	354.72	670.03
14:09.45	2	TT	63.52	2.06	875.0	175.0	Ring#1	-1.0	-2.0	-2.0	-2.0	670.03
14:09.45	2	TT	63.52	2.06	875.0	175.0	Ring#2	448.6	449.7	0.0	-2.0	670.03
14:09.45	2	TT	63.52	2.06	875.0	175.0	Ring#3	4.0	2.0	2.0	2.0	670.03
14:09.45	2	TT	63.52	2.06	875.0	175.0	Ring#4	28.55	28.3	30.2	30.0	670.03
14:09.45	2	DT	0	1.36	30.5	0.5	Ring#1	0.0	0.0	0.0	0.0	670.03
14:09.45	2	DT	346.0	1.36	23.0	8.0	Ring#2	1.45	-0.5	0.0	0.0	670.03
14:09.45	2	DT	0	1.36	30.5	0.5	Ring#3	0.0	0.0	0.0	0.0	670.03
14:09.45	2	DT	0	1.36	30.5	0.5	Ring#3	-1.9	-2.5	-1.65	-2.0	670.03
14:09.49	2	RF	332.85	16.95	406.0	286.0	Ring#2	259.52	255.44	344.4	347.68	1324.53
14:09.49	2	TT	63.7	2.33	875.0	175.0	Ring#1	-1.0	-2.0	-2.0	-2.0	1324.53
14:09.49	2	TT	63.7	2.33	875.0	175.0	Ring#2	450.25	450.5	0.0	-2.0	1324.53
14:09.50	2	TT	63.7	2.33	875.0	175.0	Ring#3	4.0	2.0	2.0	2.0	1324.53
14:09.50	2	TT	63.7	2.33	875.0	175.0	Ring#4	28.75	28.15	30.8	29.8	1324.53
14:09.50	2	DT	0	1.36	30.5	0.5	Ring#1	0.0	0.0	0.0	0.0	1324.53
14:09.50	2	DT	0	1.36	30.5	0.5	Ring#2	0.2	-0.5	0.0	0.0	1324.53
14:09.50	2	DT	0	1.36	30.5	0.5	Ring#3	0.0	0.0	0.0	0.0	1324.53
14:09.50	2	DT	0	1.36	30.5	0.5	Ring#3	-1.9	-2.55	-2.0	-2.25	1324.53
14:09.57	2	RF	331.05	20.72	406.0	286.0	Ring#2	261.9	261.22	340.85	345.79	1984.18
14:09.57	2	TT	95.39	53.26	875.0	175.0	Ring#1	-1.0	-2.0	-2.0	-2.0	1984.18
14:09.57	2	TT	95.39	53.26	875.0	175.0	Ring#2	451.1	449.95	0.0	-2.0	1984.18
14:09.57	2	TT	95.39	53.26	875.0	175.0	Ring#3	4.0	2.0	2.0	2.0	1984.18
14:09.57	2	TT	95.39	53.26	700.0	350.0	Ring#4	278.5	285.15	30.0	30.5	1984.18
14:09.57	2	DT	0	1.36	30.5	0.5	Ring#1	0.0	0.0	0.0	0.0	1984.18
14:09.57	2	DT	346.0	1.36	23.0	8.0	Ring#2	0.05	1.5	0.0	0.0	1984.18
14:09.57	2	DT	0	1.36	30.5	0.5	Ring#3	0.0	0.0	0.0	0.0	1984.18
14:09.57	2	DT	0	1.36	30.5	0.5	Ring#3	-48.05	-73.1	-1.75	-2.35	1984.18
14:10.05	2	RF	332.34	18.57	406.0	286.0	Ring#2	262.17	260.49	341.76	345.88	2633.58
14:10.05	2	TT	114.66	13.72	875.0	175.0	Ring#1	-1.0	-2.0	-2.0	-2.0	2633.58
14:10.05	2	TT	114.66	13.72	875.0	175.0	Ring#2	446.8	450.8	0.0	-2.0	2633.58
14:10.05	2	TT	114.66	13.72	875.0	175.0	Ring#3	4.0	2.0	2.0	2.0	2633.58
14:10.05	2	TT	114.66	13.72	875.0	175.0	Ring#4	448.5	426.55	30.9	30.0	2633.58
14:10.05	2	DT	0	1.36	30.5	0.5	Ring#1	0.0	0.0	0.0	0.0	2633.58
14:10.05	2	DT	346.0	1.36	23.0	8.0	Ring#2	1.3	-0.95	0.0	0.0	2633.58
14:10.05	2	DT	0	1.36	30.5	0.5	Ring#3	0.0	0.0	0.0	0.0	2633.58
14:10.05	2	DT	0	1.36	23.0	8.0	Ring#3	17.35	3.25	-1.9	-2.25	2633.58
14:10.10	2	RF	331.97	16.32	406.0	286.0	Ring#2	262.2	257.56	341.89	348.06	3288.07
14:10.10	2	TT	116.33	4.69	875.0	175.0	Ring#1	-1.0	-2.0	-2.0	-2.0	3288.07
14:10.10	2	TT	116.33	4.69	875.0	175.0	Ring#2	449.6	449.05	0.0	-2.0	3288.07
14:10.11	2	TT	116.33	4.69	875.0	175.0	Ring#3	4.0	2.0	2.0	2.0	3288.07
14:10.11	2	TT	116.33	4.69	875.0	175.0	Ring#4	449.1	451.8	31.0	29.75	3288.07
14:10.11	2	DT	0	1.36	30.5	0.5	Ring#1	0.0	0.0	0.0	0.0	3288.07
14:10.11	2	DT	0	1.36	30.5	0.5	Ring#2	-1.1	-0.15	0.0	0.0	3288.07
14:10.11	2	DT	0	1.36	30.5	0.5	Ring#3	0.0	0.0	0.0	0.0	3288.07
14:10.11	2	DT	0	1.36	23.0	8.0	Ring#3	4.0	2.15	-1.45	-2.15	3288.07
14:10.23	2	RF	333.06	16.58	406.0	286.0	Ring#2	263.08	262.51	344.63	349.32	3946.44
14:10.23	2	TT	116.45	4.07	875.0	175.0	Ring#1	-1.0	-2.0	-2.0	-2.0	3946.44
14:10.23	2	TT	116.45	4.07	875.0	175.0	Ring#2	451.3	449.75	0.0	-2.0	3946.44
14:10.23	2	TT	116.45	4.07	875.0	175.0	Ring#3	4.0	2.0	2.0	2.0	3946.44
14:10.23	2	TT	116.45	4.07	875.0	175.0	Ring#4	450.55	450.1	31.0	29.55	3946.44
14:10.23	2	DT	0	1.36	30.5	0.5	Ring#1	0.0	0.0	0.0	0.0	3946.44
14:10.23	2	DT	346.0	1.36	23.0	8.0	Ring#2	-0.3	0.9	0.0	0.0	3946.44
14:10.23	2	DT	0	1.36	30.5	0.5	Ring#3	0.0	0.0	0.0	0.0	3946.44
14:10.24	2	DT	0	1.36	30.5	0.5	Ring#3	-5.7	-8.75	-1.0	-2.4	3946.44
14:10.29	2	RF	332.74	16.11	406.0	286.0	Ring#2	262.29	259.93	343.62	350.34	4600.55
14:10.29	2	TT	116.18	4.59	875.0	175.0	Ring#1	-1.0	-2.0	-2.0	-2.0	4600.55
14:10.29	2	TT	116.18	4.59	875.0	175.0	Ring#2	448.2	450.65	0.0	-2.0	4600.55
14:10.29	2	TT	116.18	4.59	875.0	175.0	Ring#3	4.0	2.0	2.0	2.0	4600.55
14:10.29	2	TT	116.18	4.59	875.0	175.0	Ring#4	449.5	447.45	31.8	30.3	4600.55
14:10.29	2	DT	0	1.36	30.5	0.5	Ring#1	0.0	0.0	0.0	0.0	4600.55
14:10.29	2	DT	346.0	1.36	23.0	8.0	Ring#2	1.5	-1.95	0.0	0.0	4600.55
14:10.29	2	DT	0	1.36	30.5	0.5	Ring#3	0.0	0.0	0.0	0.0	4600.55
14:10.29	2	DT	0	1.36	23.0	8.0	Ring#3	2.85	1.7	-0.9	-2.0	4600.55
14:10.33	2	RF	334.34	15.66	406.0	286.0	Ring#2	263.63	258.98	344.85	351.42	5255.08
14:10.33	2	TT	116.65	5.81	875.0	175.0	Ring#1	-1.0	-2.0	-2.0	-2.0	5255.08
14:10.34	2	TT	116.65	5.81	875.0	175.0	Ring#2	451.0	449.05	0.0	-2.0	5255.08
14:10.34	2	TT	116.65	5.81	875.0	175.0	Ring#3	4.0	2.0	2.0	2.0	5255.08
14:10.34	2	TT	116.65	5.81	875.0	175.0	Ring#4	451.25	452.35	32.3	29.45	5255.08
14:10.34	2	DT	0	1.36	30.5	0.5	Ring#1	0.0	0.0	0.0	0.0	5255.08
14:10.34	2	DT	346.0	1.36	23.0	8.0	Ring#2	1.25	2.8	0.0	0.0	5255.08
14:10.34	2	DT	0	1.36	30.5	0.5	Ring#3	0.0	0.0	0.0	0.0	5255.08
14:10.34	2	DT	0	1.36	30.5	0.5	Ring#3	-0.35	-1.4	-1.3	-2.2	5255.08
14:16.18	1	RF	333.12	17.99	406.0	286.0	Ring#2	263.62	263.79	342.91	352.27	0
14:16.18	1	TT	64.04	1.85	875.0	175.0	Ring#1	-1.0	-2.0	-2.0	-2.0	0
14:16.18	1	TT	64.04	1.85	875.0	175.0	Ring#2	452.15	449.4	0.0	-2.0	0
14:16.18	1	TT	64.04	1.85	875.0	175.0	Ring#3	4.0	2.0	2.0	2.0	0
14:16.18	1	TT	64.04	1.85	875.0	175.0	Ring#4	28.65	32.05	30.9	30.45	0
14:16.18	1	DT	0	1.36	30.5	0.5	Ring#1	0.0	0.0	0.0	0.0	0
14:16.18	1	DT	0	1.36	30.5	0.5	Ring#2	-3.45	-0.6	0.0	0.0	0
14:16.18	1	DT	0	1.36	30.5	0.5	Ring#3	0.0	0.0	0.0	0.0	0
14:16.18	1	DT	0	1.36	30.5	0.5	Ring#3	-1.95	-2.4	-1.95	-2.2	0
14:16.20	1	RF	333.12	17.99	406.0	286.0	Ring#2	263.62	263.79	342.91	352.27	0
14:16.20	1	TT	64.04	1.85	875.0	175.0	Ring#1	-1.0	-2.0	-2.0	-2.0	0
14:16.20	1	TT	64.04	1.85	875.0	175.0	Ring#2	452.15	449.4	0.0	-2.0	0
14:16.20	1	TT	64.04	1.85	875.0	175.0	Ring#3	4.0	2.0	2.0	2.0	0
14:16.20	1	TT	64.04	1.85	875.0	175.0	Ring#4	28.65	32.05	30.9	30.45	0
14:16.20	1	DT	0	1.36	30.5	0.5	Ring#1	0.0	0.0	0.0	0.0	0
14:16.20	1	DT	0	1.36	30.5	0.5	Ring#2	-3.45	-0.6	0.0	0.0	0
14:16.20	1	DT	0	1.36	30.5	0.5	Ring#3	0.0	0.0	0.0	0.0	0
14:16.20	1	DT	0	1.36	30.5	0.5	Ring#3	-1.95	-2.4	-1.95	-2.2	0
14:16.23	1	RF	333.12	17.99	406.0	286.0	Ring#2	263.62	263.79	342.91	352.27	0
14:16.23	1	TT	64.04	1.85	875.0	175.0	Ring#1	-1.0	-2.0	-2.0	-2.0	0
14:16.23	1	TT	64.04	1.85	875.0	175.0	Ring#2	452.15	449.4	0.0	-2.0	0
14:16.23	1	TT	64.04	1.85	875.0	175.0	Ring#3	4.0	2.0	2.0	2.0	0
14:16.23	1	TT	64.04	1.85	875.0	175.0	Ring#4	28.65	32.05	30.9	30.45	0
14:16.23	1	DT	0	1.36	30.5	0.5	Ring#1	0.0	0.0	0.0	0.0	0
14:16.23	1	DT	0	1.36	30.5	0.5	Ring#2	-3.45	-0.6	0.0	0.0	0
14:16.23	1	DT	0	1.36	30.5	0.5	Ring#3	0.0	0.0	0.0	0.0	0
14:16.23	1	DT	0	1.36	30.5	0.5	Ring#3	-1.95	-2.4	-1.95	-2.2	0
14:16.25	1	RF	330.22	25.79	406.0	286.0	Ring#2	259.91	260.03	319.55	313.13	50901.11
14:16.25	1	TT	63.62	2.14	875.0	175.0	Ring#1	-1.0	-2.0	-2.0	-2.0	50901.11
14:16.25	1	TT	63.62	2.14	875.0	175.0	Ring#2	449.15	451.1	0.0	-2.0	50901.11
14:16.25	1	TT	63.62	2.14	875.0	175.0	Ring#3	4.0	2.0	2.0	2.0	50901.11
14:16.25	1	TT	63.62	2.14	875.0	175.0	Ring#4	28.2	27.75	31.0	29.8	50901.11
14:16.25	1	DT	0	1.36	30.5	0.5	Ring#1	0.0	0.0	0.0	0.0	50901.11
14:16.25	1	DT	0	1.36	30.5	0.5	Ring#2	-2.1	-3.0	0.0	0.0	50901.11
14:16.25	1	DT	0	1.36	30.5	0.5	Ring#3	0.0	0.0	0.0	0.0	50901.11
14:16.25	1	DT	0	1.36	30.5	0.5	Ring#3	-1.85	-2.55	-2.0	-2.3	50901.11
14:16.35	2	RF	327.53	27.76	406.0	286.0	Ring#2	262.05	257.37	295.52	298.69	-415.51
14:16.36	2	TT	63.64	2.14	875.0	175.0	Ring#1	-1.0	-2.0	-2.0	-2.0	-415.51
14:16.36	2	TT	63.64	2.14	875.0	175.0	Ring#2	450.1	449.5	0.0	-2.0	-415.51
14:16.36	2	TT	63.64	2.14	875.0	175.0	Ring#3	4.0	2.0	2.0	2.0	-415.51
14:16.36	2	TT	63.64	2.14	875.0	175.0	Ring#4	28.7	28.0	31.0	30.0	-415.51
14:16.36	2	DT	0	1.36	30.5	0.5	Ring#1	0.0	0.0	0.0	0.0	-415.51
14:16.36	2	DT	346.0	1.36	23.0	8.0	Ring#2	1.75	2.25	0.0	0.0	-415.51
14:16.36	2	DT	0	1.36	30.5	0.5	Ring#3	0.0	0.0	0.0	0.0	-415.51
14:16.36	2	DT	0	1.36	30.5	0.5	Ring#3	-2.0	-2.4	-1.7	-2.3	-415.51
14:16.39	2	RF	332.33	19.72	406.0	286.0	Ring#2	262.56	261.85	326.34	349.71	12.5
14:16.39	2	TT	63.76	2.44	875.0	175.0	Ring#1	-1.0	-2.0	-2.0	-2.0	12.5
14:16.40	2	TT	63.76	2.44	875.0	175.0	Ring#2	452.05	449.75	0.0	-2.0	12.5
14:16.40	2	TT	63.76	2.44	875.0	175.0	Ring#3	4.0	2.0	2.0	2.0	12.5
14:16.40	2	TT	63.76	2.44	875.0	175.0	Ring#4	27.9	28.5	31.0	29.9	12.5
14:16.40	2	DT	0	1.36	30.5	0.5	Ring#1	0.0	0.0	0.0	0.0	12.5
14:16.40	2	DT	0	1.36	30.5	0.5	Ring#2	-2.55	-0.45	0.0	0.0	12.5
14:16.40	2	DT	0	1.36	30.5	0.5	Ring#3	0.0	0.0	0.0	0.0	12.5
14:16.40	2	DT	0	1.36	30.5	0.5	Ring#3	-1.9	-2.9	-1.0	-2.4	12.5
14:16.49	2	RF	333.03	16.91	406.0	286.0	Ring#2	255.97	257.37	345.22	354.72	670.03
14:16.49	2	TT	63.52	2.06	875.0	175.0	Ring#1	-1.0	-2.0	-2.0	-2.0	670.03
14:16.49	2	TT	63.52	2.06	875.0	175.0	Ring#2	448.6	449.7	0.0	-2.0	670.03
14:16.49	2	TT	63.52	2.06	875.0	175.0	Ring#3	4.0	2.0	2.0	2.0	670.03
14:16.49	2	TT	63.52	2.06	875.0	175.0	Ring#4	28.55	28.3	30.2	30.0	670.03
14:16.49	2	DT	0	1.36	30.5	0.5	Ring#1	0.0	0.0	0.0	0.0	670.03
14:16.49	2	DT	346.0	1.36	23.0	8.0	Ring#2	1.45	-0.5	0.0	0.0	670.03
14:16.49	2	DT	0	1.36	30.5	0.5	Ring#3	0.0	0.0	0.0	0.0	670.03
14:16.49	2	DT	0	1.36	30.5	0.5	Ring#3	-1.9	-2.5	-1.65	-2.0	670.03
14:16.53	2	RF	332.85	16.95	406.0	286.0	Ring#2	259.52	255.44	344.4	347.68	1324.53
14:16.53	2	TT	63.7	2.33	875.0	175.0	Ring#1	-1.0	-2.0	-2.0	-2.0	1324.53
14:16.53	2	TT	63.7	2.33	875.0	175.0	Ring#2	450.25	450.5	0.0	-2.0	1324.53
14:16.53	2	TT	63.7	2.33	875.0	175.0	Ring#3	4.0	2.0	2.0	2.0	1324.53
14:16.53	2	TT	63.7	2.33	875.0	175.0	Ring#4	28.75	28.15	30.8	29.8	1324.53
14:16.53	2	DT	0	1.36	30.5	0.5	Ring#1	0.0	0.0	0.0	0.0	1324.53
14:16.53	2	DT	0	1.36	30.5	0.5	Ring#2	0.2	-0.5	0.0	0.0	1324.53
14:16.53	2	DT	0	1.36	30.5	0.5	Ring#3	0.0	0.0	0.0	0.0	1324.53
14:16.53	2	DT	0	1.36	30.5	0.5	Ring#3	-1.9	-2.55	-2.0	-2.25	1324.53
14:16.57	2	RF	331.05	20.72	406.0	286.0	Ring#2	261.9	261.22	340.85	345.79	1984.18
14:16.57	2	TT	95.39	53.26	875.0	175.0	Ring#1	-1.0	-2.0	-2.0	-2.0	1984.18
14:16.57	2	TT	95.39	53.26	875.0	175.0	Ring#2	451.1	449.95	0.0	-2.0	1984.18
14:16.57	2	TT	95.39	53.26	875.0	175.0	Ring#3	4.0	2.0	2.0	2.0	1984.18
14:16.57	2	TT	95.39	53.26	700.0	350.0	Ring#4	278.5	285.15	30.0	30.5	1984.18
14:16.57	2	DT	0	1.36	30.5	0.5	Ring#1	0.0	0.0	0.0	0.0	1984.18
14:16.57	2	DT	346.0	1.36	23.0	8.0	Ring#2	0.05	1.5	0.0	0.0	1984.18
14:16.57	2	DT	0	1.36	30.5	0.5	Ring#3	0.0	0.0	0.0	0.0	1984.18
14:16.57	2	DT	0	1.36	30.5	0.5	Ring#3	-48.05	-73.1	-1.75	-2.35	1984.18
14:17.05	2	RF	332.34	18.57	406.0	286.0	Ring#2	262.17	260.49	341.76	345.88	2633.58
14:17.05	2	TT	114.66	13.72	875.0	175.0	Ring#1	-1.0	-2.0	-2.0	-2.0	2633.58
14:17.05	2	TT	114.66	13.72	875.0	175.0	Ring#2	446.8	450.8	0.0	-2.0	2633.58
14:17.05	2	TT	114.66	13.72	875.0	175.0	Ring#3	4.0	2.0	2.0	2.0	2633.58
14:17.05	2	TT	114.66	13.72	875.0	175.0	Ring#4	448.5	426.55	30.9	30.0	2633.58
14:17.05	2	DT	0	1.36	30.5	0.5	Ring#1	0.0	0.0	0.0	0.0	2633.58
14:17.05	2	DT	346.0	1.36	23.0	8.0	Ring#2	1.3	-0.95	0.0	0.0	2633.58
14:17.05	2	DT	0	1.36	30.5	0.5	Ring#3	0.0	0.0	0.0	0.0	2633.58
14:17.05	2	DT	0	1.36	23.0	8.0	Ring#3	17.35	3.25	-1.9	-2.25	2633.58
14:17.08	2	RF	331.97	16.32	406.0	286.0	Ring#2	262.2	257.56	341.89	348.06	3288.07
14:17.08	2	TT	116.33	4.69	875.0	175.0	Ring#1	-1.0	-2.0	-2.0	-2.0	3288.07
14:17.08	2	TT	116.33	4.69	875.0	175.0	Ring#2	449.6	449.05	0.0	-2.0	3288.07
14:17.08	2	TT	116.33	4.69	875.0	175.0	Ring#3	4.0	2.0	2.0	2.0	3288.07
14:17.08	2	TT	116.33	4.69	875.0	175.0	Ring#4	449.1	451.8	31.0	29.75	3288.07
14:17.08	2	DT	0	1.36	30.5	0.5	Ring#1	0.0	0.0	0.0	0.0	3288.07
14:17.08	2	DT	0	1.36	30.5	0.5	Ring#2	-1.1	-0.15	0.0	0.0	3288.07
14:17.08	2	DT	0	1.36	30.5	0.5	Ring#3	0.0	0.0	0.0	0.0	3288.07
14:17.08	2	DT	0	1.36	23.0	8.0	Ring#3	4.0	2.15	-1.45	-2.15	3288.07
14:17.14	2	RF	333.06	16.58	406.0	286.0	Ring#2	263.08	262.51	344.63	349.32	3946.44
14:17.14	2	TT	116.45	4.07	875.0	175.0	Ring#1	-1.0	-2.0	-2.0	-2.0	3946.44
14:17.14	2	TT	116.45	4.07	875.0	175.0	Ring#2	451.3	449.75	0.0	-2.0	3946.44
14:17.14	2	TT	116.45	4.07	875.0	175.0	Ring#3	4.0	2.0	2.0	2.0	3946.44
14:17.14	2	TT	116.45	4.07	875.0	175.0	Ring#4	450.55	450.1	31.0	29.55	3946.44
14:17.14	2	DT	0	1.36	30.5	0.5	Ring#1	0.0	0.0	0.0	0.0	3946.44
14:17.14	2	DT	346.0	1.36	23.0	8.0	Ring#2	-0.3	0.9	0.0	0.0	3946.44
14:17.14	2	DT	0	1.36	30.5	0.5	Ring#3	0.0	0.0	0.0	0.0	3946.44
14:17.14	2	DT	0	1.36	30.5	0.5	Ring#3	-5.7	-8.75	-1.0	-2.4	3946.44
14:17.20	2	RF	332.74	16.11	406.0	286.0	Ring#2	262.29	259.93	343.62	350.34	4600.55
14:17.20	2	TT	116.18	4.59	875.0	175.0	Ring#1	-1.0	-2.0	-2.0	-2.0	4600.55
14:17.20	2	TT	116.18	4.59	875.0	175.0	Ring#2	448.2	450.65	0.0	-2.0	4600.55
14:17.20	2	TT	116.18	4.59	875.0	175.0	Ring#3	4.0	2.0	2.0	2.0	4600.55
14:17.20	2	TT	116.18	4.59	875.0	175.0	Ring#4	449.5	447.45	31.8	30.3	4600.55
14:17.20	2	DT	0	1.36	30.5	0.5	Ring#1	0.0	0.0	0.0	0.0	4600.55
14:17.20	2	DT	346.0	1.36	23.0	8.0	Ring#2	1.5	-1.95	0.0	0.0	4600.55
14:17.20	2	DT	0	1.36	30.5	0.5	Ring#3	0.0	0.0	0.0	0.0	4600.55
14:17.20	2	DT	0	1.36	23.0	8.0	Ring#3	2.85	1.7	-0.9	-2.0	4600.55
14:17.25	2	RF	334.34	15.66	406.0	286.0	Ring#2	263.63	258.98	344.85	351.42	5255.08
14:17.25	2	TT	116.65	5.81	875.0	175.0	Ring#1	-1.0	-2.0	-2.0	-2.0	5255.08
14:17.25	2	TT	116.65	5.81	875.0	175.0	Ring#2	451.0	449.05	0.0	-2.0	5255.08
14:17.25	2	TT	116.65	5.81	875.0	175.0	Ring#3	4.0	2.0	2.0	2.0	5255.08
14:17.25	2	TT	116.65	5.81	875.0	175.0	Ring#4	451.25	452.35	32.3	29.45	5255.08
14:17.25	2	DT	0	1.36	30.5	0.5	Ring#1	0.0	0.0	0.0	0.0	5255.08
14:17.25	2	DT	346.0	1.36	23.0	8.0	Ring#2	1.25	2.8	0.0	0.0	5255.08
14:17.25	2	DT	0	1.36	30.5	0.5	Ring#3	0.0	0.0	0.0	0.0	5255.08
14:17.25	2	DT	0	1.36	30.5	0.5	Ring#3	-0.35	-1.4	-1.3	-2.2	5255.08
