================================= TCP01 - Realtime Index Tracker =============================
Time		Layer#	T1Row	T2Row	T3Row	T4Row	T5Row	T6Row	T7Row	T8Row	EstPos
----------------------------------------------------------------------------------------------
08:09.43	0.0	1	1	1	1	1	1	1	1	0.0
08:09.46	0.0	21	21	21	21	21	21	21	21	0.0
08:09.49	1.0	41	41	41	41	41	41	41	41	50581.53
08:09.55	1.0	61	61	61	61	61	61	61	61	50581.53
08:10.00	1.0	81	81	81	81	81	81	81	81	50581.53
08:10.05	1.0	101	101	101	101	101	101	101	101	50581.53
08:10.14	1.0	121	121	121	121	121	121	121	121	50581.53
08:10.19	1.0	141	141	141	141	141	141	141	141	50581.53
08:17.20	0.0	142	142	142	142	142	142	142	142	0.0
08:17.35	0.0	162	162	162	162	162	162	162	162	0.0
08:17.56	1.0	182	182	182	182	182	182	182	182	50581.53
08:18.18	1.0	202	202	202	202	202	202	202	202	50581.53
08:18.36	1.0	222	222	222	222	222	222	222	222	50581.53
08:18.53	1.0	242	242	242	242	242	242	242	242	50581.53
08:19.09	1.0	262	262	262	262	262	262	262	262	50581.53
08:19.26	1.0	282	282	282	282	282	282	282	282	50581.53
08:19.59	1.0	302	302	302	302	302	302	302	302	50581.53
08:20.23	1.0	322	322	322	322	322	322	322	322	50581.53
08:20.43	1.0	342	342	342	342	342	342	342	342	50581.53
08:20.57	1.0	362	362	362	362	362	362	362	362	50581.53
08:21.15	1.0	382	382	382	382	382	382	382	382	50581.53
08:21.32	1.0	402	402	402	402	402	402	402	402	50581.53
08:32.50	0.0	404	404	404	404	404	404	404	404	0.0
08:32.55	0.0	405	405	405	405	405	405	405	405	0.0
08:33.00	1.0	406	406	406	406	406	406	406	406	50581.53
08:33.05	1.0	407	407	407	407	407	407	407	407	50581.53
08:33.09	1.0	408	408	408	408	408	408	408	408	50581.53
08:33.17	1.0	409	409	409	409	409	409	409	409	50581.53
08:33.22	1.0	410	410	410	410	410	410	410	410	50581.53
08:33.27	1.0	411	411	411	411	411	411	411	411	50581.53
08:33.32	1.0	412	412	412	412	412	412	412	412	50581.53
08:33.37	1.0	413	413	413	413	413	413	413	413	50581.53
08:33.42	1.0	414	414	414	414	414	414	414	414	50581.53
08:33.47	1.0	415	415	415	415	415	415	415	415	50581.53
08:33.52	1.0	416	416	416	416	416	416	416	416	50581.53
08:33.58	1.0	417	417	417	417	417	417	417	417	50581.53
08:34.03	1.0	418	418	418	418	418	418	418	418	50581.53
08:34.07	1.0	419	419	419	419	419	419	419	419	50581.53
08:34.12	1.0	420	420	420	420	420	420	420	420	50581.53
08:34.17	1.0	421	421	421	421	421	421	421	421	50581.53
08:34.25	1.0	422	422	422	422	422	422	422	422	50581.53
08:34.32	1.0	423	423	423	423	423	423	423	423	50581.53
08:34.40	1.0	424	424	424	424	424	424	424	424	50581.53
08:34.44	1.0	425	425	425	425	425	425	425	425	50581.53
08:34.48	1.0	426	426	426	426	426	426	426	426	50581.53
08:34.53	1.0	427	427	427	427	427	427	427	427	50581.53
08:35.01	1.0	428	428	428	428	428	428	428	428	50581.53
08:35.05	1.0	429	429	429	429	429	429	429	429	50581.53
08:35.10	1.0	430	430	430	430	430	430	430	430	50581.53
08:35.14	1.0	431	431	431	431	431	431	431	431	50581.53
08:35.19	1.0	432	432	432	432	432	432	432	432	50581.53
08:35.24	1.0	433	433	433	433	433	433	433	433	50581.53
08:35.29	1.0	434	434	434	434	434	434	434	434	50581.53
08:35.33	1.0	435	435	435	435	435	435	435	435	50581.53
08:35.38	1.0	436	436	436	436	436	436	436	436	50581.53
08:35.42	1.0	437	437	437	437	437	437	437	437	50581.53
08:35.47	1.0	438	438	438	438	438	438	438	438	50581.53
08:35.52	1.0	439	439	439	439	439	439	439	439	50581.53
08:35.57	1.0	440	440	440	440	440	440	440	440	50581.53
08:36.02	1.0	441	441	441	441	441	441	441	441	50581.53
08:36.09	1.0	442	442	442	442	442	442	442	442	50581.53
08:36.14	1.0	443	443	443	443	443	443	443	443	50581.53
08:36.27	1.0	444	444	444	444	444	444	444	444	50581.53
08:36.32	1.0	445	445	445	445	445	445	445	445	50581.53
08:36.36	1.0	446	446	446	446	446	446	446	446	50581.53
08:36.41	1.0	447	447	447	447	447	447	447	447	50581.53
08:36.46	1.0	448	448	448	448	448	448	448	448	50581.53
08:36.50	1.0	449	449	449	449	449	449	449	449	50581.53
08:36.55	1.0	450	450	450	450	450	450	450	450	50581.53
08:37.00	1.0	451	451	451	451	451	451	451	451	50581.53
08:37.05	1.0	452	452	452	452	452	452	452	452	50581.53
08:37.09	1.0	453	453	453	453	453	453	453	453	50581.53
08:37.14	1.0	454	454	454	454	454	454	454	454	50581.53
08:37.29	1.0	455	455	455	455	455	455	455	455	50581.53
08:37.35	1.0	456	456	456	456	456	456	456	456	50581.53
08:37.43	1.0	457	457	457	457	457	457	457	457	50581.53
08:37.49	1.0	458	458	458	458	458	458	458	458	50581.53
08:37.55	1.0	459	459	459	459	459	459	459	459	50581.53
08:38.03	1.0	460	460	460	460	460	460	460	460	50581.53
08:38.09	1.0	461	461	461	461	461	461	461	461	50581.53
08:38.15	1.0	462	462	462	462	462	462	462	462	50581.53
08:38.21	1.0	463	463	463	463	463	463	463	463	50581.53
08:38.26	1.0	464	464	464	464	464	464	464	464	50581.53
08:38.32	1.0	465	465	465	465	465	465	465	465	50581.53
08:38.37	1.0	466	466	466	466	466	466	466	466	50581.53
08:38.42	1.0	467	467	467	467	467	467	467	467	50581.53
08:38.47	1.0	468	468	468	468	468	468	468	468	50581.53
08:38.53	1.0	469	469	469	469	469	469	469	469	50581.53
08:38.58	1.0	470	470	470	470	470	470	470	470	50581.53
11:12.45	0.0	472	472	472	472	472	472	472	472	0.0
11:12.46	0.0	473	473	473	473	473	473	473	473	0.0
11:12.47	1.0	474	474	474	474	474	474	474	474	50581.53
11:12.48	1.0	475	475	475	475	475	475	475	475	50581.53
11:12.48	1.0	476	476	476	476	476	476	476	476	50581.53
11:12.49	1.0	477	477	477	477	477	477	477	477	50581.53
11:12.50	1.0	478	478	478	478	478	478	478	478	50581.53
11:12.51	1.0	479	479	479	479	479	479	479	479	50581.53
11:12.52	1.0	480	480	480	480	480	480	480	480	50581.53
11:12.53	1.0	481	481	481	481	481	481	481	481	50581.53
11:12.54	1.0	482	482	482	482	482	482	482	482	50581.53
11:12.55	1.0	483	483	483	483	483	483	483	483	50581.53
11:12.56	1.0	484	484	484	484	484	484	484	484	50581.53
11:12.57	1.0	485	485	485	485	485	485	485	485	50581.53
11:12.58	1.0	486	486	486	486	486	486	486	486	50581.53
11:12.59	1.0	487	487	487	487	487	487	487	487	50581.53
11:13.00	1.0	488	488	488	488	488	488	488	488	50581.53
11:13.01	1.0	489	489	489	489	489	489	489	489	50581.53
11:13.02	1.0	490	490	490	490	490	490	490	490	50581.53
11:13.03	1.0	491	491	491	491	491	491	491	491	50581.53
11:13.04	1.0	492	492	492	492	492	492	492	492	50581.53
11:13.05	1.0	493	493	493	493	493	493	493	493	50581.53
11:13.06	1.0	494	494	494	494	494	494	494	494	50581.53
11:13.08	1.0	495	495	495	495	495	495	495	495	50581.53
11:13.09	1.0	496	496	496	496	496	496	496	496	50581.53
11:13.10	1.0	497	497	497	497	497	497	497	497	50581.53
11:13.11	1.0	498	498	498	498	498	498	498	498	50581.53
11:13.12	1.0	499	499	499	499	499	499	499	499	50581.53
11:13.13	1.0	500	500	500	500	500	500	500	500	50581.53
11:13.14	1.0	501	501	501	501	501	501	501	501	50581.53
11:13.15	1.0	502	502	502	502	502	502	502	502	50581.53
11:13.17	1.0	503	503	503	503	503	503	503	503	50581.53
11:13.18	1.0	504	504	504	504	504	504	504	504	50581.53
11:13.19	1.0	505	505	505	505	505	505	505	505	50581.53
11:13.20	1.0	506	506	506	506	506	506	506	506	50581.53
11:13.21	1.0	507	507	507	507	507	507	507	507	50581.53
11:13.35	1.0	508	508	508	508	508	508	508	508	50581.53
11:13.36	1.0	509	509	509	509	509	509	509	509	50581.53
11:13.37	1.0	510	510	510	510	510	510	510	510	50581.53
11:13.44	1.0	511	511	511	511	511	511	511	511	50581.53
11:13.45	1.0	512	512	512	512	512	512	512	512	50581.53
11:13.46	1.0	513	513	513	513	513	513	513	513	50581.53
11:13.48	1.0	514	514	514	514	514	514	514	514	50581.53
11:13.49	1.0	515	515	515	515	515	515	515	515	50581.53
11:13.50	1.0	516	516	516	516	516	516	516	516	50581.53
11:13.51	1.0	517	517	517	517	517	517	517	517	50581.53
11:13.52	1.0	518	518	518	518	518	518	518	518	50581.53
11:13.53	1.0	519	519	519	519	519	519	519	519	50581.53
11:13.54	1.0	520	520	520	520	520	520	520	520	50581.53
11:13.56	1.0	521	521	521	521	521	521	521	521	50581.53
11:13.59	1.0	522	522	522	522	522	522	522	522	50581.53
11:14.00	1.0	523	523	523	523	523	523	523	523	50581.53
11:14.01	1.0	524	524	524	524	524	524	524	524	50581.53
11:14.02	1.0	525	525	525	525	525	525	525	525	50581.53
11:14.04	1.0	526	526	526	526	526	526	526	526	50581.53
11:14.05	1.0	527	527	527	527	527	527	527	527	50581.53
11:14.06	1.0	528	528	528	528	528	528	528	528	50581.53
11:14.07	1.0	529	529	529	529	529	529	529	529	50581.53
11:14.08	1.0	530	530	530	530	530	530	530	530	50581.53
11:14.09	1.0	531	531	531	531	531	531	531	531	50581.53
11:14.11	1.0	532	532	532	532	532	532	532	532	50581.53
11:14.16	1.0	533	533	533	533	533	533	533	533	50581.53
11:14.17	1.0	534	534	534	534	534	534	534	534	50581.53
11:14.18	1.0	535	535	535	535	535	535	535	535	50581.53
11:14.20	1.0	536	536	536	536	536	536	536	536	50581.53
11:14.21	1.0	537	537	537	537	537	537	537	537	50581.53
11:14.22	1.0	538	538	538	538	538	538	538	538	50581.53
11:14.24	1.0	539	539	539	539	539	539	539	539	50581.53
11:14.25	1.0	540	540	540	540	540	540	540	540	50581.53
11:14.26	1.0	541	541	541	541	541	541	541	541	50581.53
11:14.28	1.0	542	542	542	542	542	542	542	542	50581.53
11:14.29	1.0	543	543	543	543	543	543	543	543	50581.53
11:14.33	1.0	544	544	544	544	544	544	544	544	50581.53
11:14.34	1.0	545	545	545	545	545	545	545	545	50581.53
11:14.35	1.0	546	546	546	546	546	546	546	546	50581.53
11:14.37	1.0	547	547	547	547	547	547	547	547	50581.53
11:14.38	1.0	548	548	548	548	548	548	548	548	50581.53
11:14.40	1.0	549	549	549	549	549	549	549	549	50581.53
11:14.41	1.0	550	550	550	550	550	550	550	550	50581.53
11:14.42	1.0	551	551	551	551	551	551	551	551	50581.53
11:14.44	1.0	552	552	552	552	552	552	552	552	50581.53
11:14.45	1.0	553	553	553	553	553	553	553	553	50581.53
11:14.47	1.0	554	554	554	554	554	554	554	554	50581.53
11:14.48	1.0	555	555	555	555	555	555	555	555	50581.53
11:14.49	1.0	556	556	556	556	556	556	556	556	50581.53
11:14.53	1.0	557	557	557	557	557	557	557	557	50581.53
11:14.54	1.0	558	558	558	558	558	558	558	558	50581.53
11:14.56	1.0	559	559	559	559	559	559	559	559	50581.53
11:14.57	1.0	560	560	560	560	560	560	560	560	50581.53
11:14.58	1.0	561	561	561	561	561	561	561	561	50581.53
11:15.00	1.0	562	562	562	562	562	562	562	562	50581.53
11:15.01	1.0	563	563	563	563	563	563	563	563	50581.53
11:15.02	1.0	564	564	564	564	564	564	564	564	50581.53
11:15.04	1.0	565	565	565	565	565	565	565	565	50581.53
11:15.06	1.0	566	566	566	566	566	566	566	566	50581.53
11:15.14	1.0	567	567	567	567	567	567	567	567	50581.53
11:15.15	1.0	568	568	568	568	568	568	568	568	50581.53
11:15.17	1.0	569	569	569	569	569	569	569	569	50581.53
11:15.18	1.0	570	570	570	570	570	570	570	570	50581.53
11:15.20	1.0	571	571	571	571	571	571	571	571	50581.53
11:15.21	1.0	572	572	572	572	572	572	572	572	50581.53
11:15.33	1.0	573	573	573	573	573	573	573	573	50581.53
11:15.35	1.0	574	574	574	574	574	574	574	574	50581.53
11:15.37	1.0	575	575	575	575	575	575	575	575	50581.53
11:15.41	1.0	576	576	576	576	576	576	576	576	50581.53
11:15.42	1.0	577	577	577	577	577	577	577	577	50581.53
11:15.44	1.0	578	578	578	578	578	578	578	578	50581.53
11:15.45	1.0	579	579	579	579	579	579	579	579	50581.53
11:15.47	1.0	580	580	580	580	580	580	580	580	50581.53
11:15.48	1.0	581	581	581	581	581	581	581	581	50581.53
11:15.50	1.0	582	582	582	582	582	582	582	582	50581.53
11:15.51	1.0	583	583	583	583	583	583	583	583	50581.53
11:15.53	1.0	584	584	584	584	584	584	584	584	50581.53
11:15.57	1.0	585	585	585	585	585	585	585	585	50581.53
11:15.59	1.0	586	586	586	586	586	586	586	586	50581.53
11:16.00	1.0	587	587	587	587	587	587	587	587	50581.53
11:16.01	1.0	588	588	588	588	588	588	588	588	50581.53
11:16.03	1.0	589	589	589	589	589	589	589	589	50581.53
11:16.04	1.0	590	590	590	590	590	590	590	590	50581.53
11:16.06	1.0	591	591	591	591	591	591	591	591	50581.53
11:16.08	1.0	592	592	592	592	592	592	592	592	50581.53
11:16.09	1.0	593	593	593	593	593	593	593	593	50581.53
11:16.11	1.0	594	594	594	594	594	594	594	594	50581.53
11:16.12	1.0	595	595	595	595	595	595	595	595	50581.53
11:16.17	1.0	596	596	596	596	596	596	596	596	50581.53
11:16.18	1.0	597	597	597	597	597	597	597	597	50581.53
11:16.20	1.0	598	598	598	598	598	598	598	598	50581.53
11:16.21	1.0	599	599	599	599	599	599	599	599	50581.53
12:59.52	0.0	601	601	601	601	601	601	601	601	0.0
12:59.55	0.0	602	602	602	602	602	602	602	602	0.0
12:59.59	1.0	603	603	603	603	603	603	603	603	50581.53
13:00.06	1.0	604	604	604	604	604	604	604	604	50581.53
13:00.14	1.0	605	605	605	605	605	605	605	605	50581.53
13:00.20	1.0	606	606	606	606	606	606	606	606	50581.53
13:00.27	1.0	607	607	607	607	607	607	607	607	50581.53
13:00.35	1.0	608	608	608	608	608	608	608	608	50581.53
13:00.39	1.0	609	609	609	609	609	609	609	609	50581.53
13:00.43	1.0	610	610	610	610	610	610	610	610	50581.53
13:00.47	1.0	611	611	611	611	611	611	611	611	50581.53
13:00.53	1.0	612	612	612	612	612	612	612	612	50581.53
13:00.57	1.0	613	613	613	613	613	613	613	613	50581.53
13:01.02	1.0	614	614	614	614	614	614	614	614	50581.53
13:01.06	1.0	615	615	615	615	615	615	615	615	50581.53
13:01.15	1.0	616	616	616	616	616	616	616	616	50581.53
13:01.20	1.0	617	617	617	617	617	617	617	617	50581.53
13:01.24	1.0	618	618	618	618	618	618	618	618	50581.53
13:01.29	1.0	619	619	619	619	619	619	619	619	50581.53
13:01.33	1.0	620	620	620	620	620	620	620	620	50581.53
13:01.38	1.0	621	621	621	621	621	621	621	621	50581.53
13:01.45	1.0	622	622	622	622	622	622	622	622	50581.53
13:01.49	1.0	623	623	623	623	623	623	623	623	50581.53
13:01.54	1.0	624	624	624	624	624	624	624	624	50581.53
13:01.59	1.0	625	625	625	625	625	625	625	625	50581.53
13:02.12	1.0	626	626	626	626	626	626	626	626	50581.53
13:02.17	1.0	627	627	627	627	627	627	627	627	50581.53
13:02.40	1.0	628	628	628	628	628	628	628	628	50581.53
13:02.43	1.0	629	629	629	629	629	629	629	629	50581.53
13:02.47	1.0	630	630	630	630	630	630	630	630	50581.53
13:02.51	1.0	631	631	631	631	631	631	631	631	50581.53
13:03.03	1.0	632	632	632	632	632	632	632	632	50581.53
13:03.05	1.0	633	633	633	633	633	633	633	633	50581.53
13:03.07	1.0	634	634	634	634	634	634	634	634	50581.53
13:03.12	1.0	635	635	635	635	635	635	635	635	50581.53
13:03.14	1.0	636	636	636	636	636	636	636	636	50581.53
13:03.16	1.0	637	637	637	637	637	637	637	637	50581.53
13:03.18	1.0	638	638	638	638	638	638	638	638	50581.53
13:03.20	1.0	639	639	639	639	639	639	639	639	50581.53
13:03.22	1.0	640	640	640	640	640	640	640	640	50581.53
13:03.24	1.0	641	641	641	641	641	641	641	641	50581.53
13:03.25	1.0	642	642	642	642	642	642	642	642	50581.53
13:03.30	1.0	643	643	643	643	643	643	643	643	50581.53
13:03.33	1.0	644	644	644	644	644	644	644	644	50581.53
13:03.34	1.0	645	645	645	645	645	645	645	645	50581.53
13:03.37	1.0	646	646	646	646	646	646	646	646	50581.53
13:03.39	1.0	647	647	647	647	647	647	647	647	50581.53
13:03.41	1.0	648	648	648	648	648	648	648	648	50581.53
13:03.43	1.0	649	649	649	649	649	649	649	649	50581.53
13:03.47	1.0	650	650	650	650	650	650	650	650	50581.53
13:03.49	1.0	651	651	651	651	651	651	651	651	50581.53
13:03.51	1.0	652	652	652	652	652	652	652	652	50581.53
13:03.53	1.0	653	653	653	653	653	653	653	653	50581.53
13:03.55	1.0	654	654	654	654	654	654	654	654	50581.53
13:03.58	1.0	655	655	655	655	655	655	655	655	50581.53
13:04.00	1.0	656	656	656	656	656	656	656	656	50581.53
13:04.04	1.0	657	657	657	657	657	657	657	657	50581.53
13:04.07	1.0	658	658	658	658	658	658	658	658	50581.53
13:04.09	1.0	659	659	659	659	659	659	659	659	50581.53
13:04.11	1.0	660	660	660	660	660	660	660	660	50581.53
13:04.13	1.0	661	661	661	661	661	661	661	661	50581.53
13:04.15	1.0	662	662	662	662	662	662	662	662	50581.53
13:04.17	1.0	663	663	663	663	663	663	663	663	50581.53
13:04.23	1.0	664	664	664	664	664	664	664	664	50581.53
13:04.25	1.0	665	665	665	665	665	665	665	665	50581.53
13:04.28	1.0	666	666	666	666	666	666	666	666	50581.53
13:04.31	1.0	667	667	667	667	667	667	667	667	50581.53
13:04.34	1.0	668	668	668	668	668	668	668	668	50581.53
13:04.37	1.0	669	669	669	669	669	669	669	669	50581.53
13:04.39	1.0	670	670	670	670	670	670	670	670	50581.53
13:04.41	1.0	671	671	671	671	671	671	671	671	50581.53
13:04.44	1.0	672	672	672	672	672	672	672	672	50581.53
13:04.49	1.0	673	673	673	673	673	673	673	673	50581.53
13:04.52	1.0	674	674	674	674	674	674	674	674	50581.53
13:04.54	1.0	675	675	675	675	675	675	675	675	50581.53
13:04.56	1.0	676	676	676	676	676	676	676	676	50581.53
13:04.58	1.0	677	677	677	677	677	677	677	677	50581.53
13:05.00	1.0	678	678	678	678	678	678	678	678	50581.53
13:05.03	1.0	679	679	679	679	679	679	679	679	50581.53
13:05.05	1.0	680	680	680	680	680	680	680	680	50581.53
13:05.09	1.0	681	681	681	681	681	681	681	681	50581.53
13:05.12	1.0	682	682	682	682	682	682	682	682	50581.53
13:05.15	1.0	683	683	683	683	683	683	683	683	50581.53
13:05.17	1.0	684	684	684	684	684	684	684	684	50581.53
13:05.19	1.0	685	685	685	685	685	685	685	685	50581.53
13:05.21	1.0	686	686	686	686	686	686	686	686	50581.53
13:05.42	1.0	687	687	687	687	687	687	687	687	50581.53
13:05.44	1.0	688	688	688	688	688	688	688	688	50581.53
13:05.46	1.0	689	689	689	689	689	689	689	689	50581.53
13:05.48	1.0	690	690	690	690	690	690	690	690	50581.53
13:05.51	1.0	691	691	691	691	691	691	691	691	50581.53
13:05.53	1.0	692	692	692	692	692	692	692	692	50581.53
13:05.56	1.0	693	693	693	693	693	693	693	693	50581.53
13:06.01	1.0	694	694	694	694	694	694	694	694	50581.53
13:06.04	1.0	695	695	695	695	695	695	695	695	50581.53
13:06.06	1.0	696	696	696	696	696	696	696	696	50581.53
13:06.09	1.0	697	697	697	697	697	697	697	697	50581.53
13:06.12	1.0	698	698	698	698	698	698	698	698	50581.53
13:06.17	1.0	699	699	699	699	699	699	699	699	50581.53
13:06.20	1.0	700	700	700	700	700	700	700	700	50581.53
13:06.22	1.0	701	701	701	701	701	701	701	701	50581.53
13:06.24	1.0	702	702	702	702	702	702	702	702	50581.53
13:06.27	1.0	703	703	703	703	703	703	703	703	50581.53
13:06.29	1.0	704	704	704	704	704	704	704	704	50581.53
13:06.31	1.0	705	705	705	705	705	705	705	705	50581.53
13:06.42	1.0	706	706	706	706	706	706	706	706	50581.53
13:06.45	1.0	707	707	707	707	707	707	707	707	50581.53
13:06.48	1.0	708	708	708	708	708	708	708	708	50581.53
13:06.51	1.0	709	709	709	709	709	709	709	709	50581.53
13:06.56	1.0	710	710	710	710	710	710	710	710	50581.53
13:07.02	1.0	711	711	711	711	711	711	711	711	50581.53
13:07.09	1.0	712	712	712	712	712	712	712	712	50581.53
13:07.16	1.0	713	713	713	713	713	713	713	713	50581.53
13:07.26	1.0	714	714	714	714	714	714	714	714	50581.53
13:07.38	1.0	715	715	715	715	715	715	715	715	50581.53
13:07.44	1.0	716	716	716	716	716	716	716	716	50581.53
13:07.52	1.0	717	717	717	717	717	717	717	717	50581.53
13:08.00	1.0	718	718	718	718	718	718	718	718	50581.53
13:08.06	1.0	719	719	719	719	719	719	719	719	50581.53
13:08.12	1.0	720	720	720	720	720	720	720	720	50581.53
13:08.20	1.0	721	721	721	721	721	721	721	721	50581.53
13:08.26	1.0	722	722	722	722	722	722	722	722	50581.53
13:08.34	1.0	723	723	723	723	723	723	723	723	50581.53
13:43.39	0.0	725	725	725	725	725	725	725	725	0.0
13:43.43	0.0	726	726	726	726	726	726	726	726	0.0
13:43.47	1.0	727	727	727	727	727	727	727	727	50581.53
13:43.51	1.0	728	728	728	728	728	728	728	728	50581.53
13:43.55	1.0	729	729	729	729	729	729	729	729	50581.53
13:44.01	1.0	730	730	730	730	730	730	730	730	50581.53
13:44.18	1.0	731	731	731	731	731	731	731	731	50581.53
13:44.27	1.0	732	732	732	732	732	732	732	732	50581.53
13:44.33	1.0	733	733	733	733	733	733	733	733	50581.53
13:44.38	1.0	734	734	734	734	734	734	734	734	50581.53
13:44.47	1.0	735	735	735	735	735	735	735	735	50581.53
13:44.53	1.0	736	736	736	736	736	736	736	736	50581.53
13:45.02	1.0	737	737	737	737	737	737	737	737	50581.53
13:45.09	1.0	738	738	738	738	738	738	738	738	50581.53
13:45.25	1.0	739	739	739	739	739	739	739	739	50581.53
13:45.35	1.0	740	740	740	740	740	740	740	740	50581.53
13:45.41	1.0	741	741	741	741	741	741	741	741	50581.53
13:45.55	1.0	742	742	742	742	742	742	742	742	50581.53
13:46.06	1.0	743	743	743	743	743	743	743	743	50581.53
13:46.12	1.0	744	744	744	744	744	744	744	744	50581.53
13:46.22	1.0	745	745	745	745	745	745	745	745	50581.53
13:46.30	1.0	746	746	746	746	746	746	746	746	50581.53
13:46.36	1.0	747	747	747	747	747	747	747	747	50581.53
13:46.53	1.0	748	748	748	748	748	748	748	748	50581.53
13:47.01	1.0	749	749	749	749	749	749	749	749	50581.53
13:47.08	1.0	750	750	750	750	750	750	750	750	50581.53
13:47.17	1.0	751	751	751	751	751	751	751	751	50581.53
13:47.24	1.0	752	752	752	752	752	752	752	752	50581.53
13:47.34	1.0	753	753	753	753	753	753	753	753	50581.53
13:47.41	1.0	754	754	754	754	754	754	754	754	50581.53
13:47.52	1.0	755	755	755	755	755	755	755	755	50581.53
13:47.58	1.0	756	756	756	756	756	756	756	756	50581.53
13:48.09	1.0	757	757	757	757	757	757	757	757	50581.53
13:48.17	1.0	758	758	758	758	758	758	758	758	50581.53
13:48.26	1.0	759	759	759	759	759	759	759	759	50581.53
13:48.37	1.0	760	760	760	760	760	760	760	760	50581.53
13:48.43	1.0	761	761	761	761	761	761	761	761	50581.53
13:48.53	1.0	762	762	762	762	762	762	762	762	50581.53
13:49.01	1.0	763	763	763	763	763	763	763	763	50581.53
13:49.11	1.0	764	764	764	764	764	764	764	764	50581.53
14:04.08	0.0	766	766	766	766	766	766	766	766	0.0
14:04.12	0.0	767	767	767	767	767	767	767	767	0.0
14:04.20	1.0	768	768	768	768	768	768	768	768	50581.53
14:04.25	1.0	769	769	769	769	769	769	769	769	50581.53
14:04.28	1.0	770	770	770	770	770	770	770	770	50581.53
14:04.32	1.0	771	771	771	771	771	771	771	771	50581.53
14:04.41	1.0	772	772	772	772	772	772	772	772	50581.53
14:04.47	1.0	773	773	773	773	773	773	773	773	50581.53
14:04.54	1.0	774	774	774	774	774	774	774	774	50581.53
14:04.58	1.0	775	775	775	775	775	775	775	775	50581.53
14:05.05	1.0	776	776	776	776	776	776	776	776	50581.53
14:05.11	1.0	777	777	777	777	777	777	777	777	50581.53
14:05.18	1.0	778	778	778	778	778	778	778	778	50581.53
14:05.24	1.0	779	779	779	779	779	779	779	779	50581.53
14:05.31	1.0	780	780	780	780	780	780	780	780	50581.53
14:05.39	1.0	781	781	781	781	781	781	781	781	50581.53
14:05.47	1.0	782	782	782	782	782	782	782	782	50581.53
14:05.54	1.0	783	783	783	783	783	783	783	783	50581.53
14:06.02	1.0	784	784	784	784	784	784	784	784	50581.53
14:06.09	1.0	785	785	785	785	785	785	785	785	50581.53
14:12.14	0.0	787	787	787	787	787	787	787	787	0.0
14:12.17	0.0	788	788	788	788	788	788	788	788	0.0
14:12.19	1.0	789	789	789	789	789	789	789	789	50581.53
14:12.22	1.0	790	790	790	790	790	790	790	790	50581.53
14:12.26	1.0	791	791	791	791	791	791	791	791	50581.53
14:12.33	1.0	792	792	792	792	792	792	792	792	50581.53
14:12.36	1.0	793	793	793	793	793	793	793	793	50581.53
14:12.41	1.0	794	794	794	794	794	794	794	794	50581.53
14:12.45	1.0	795	795	795	795	795	795	795	795	50581.53
14:12.54	1.0	796	796	796	796	796	796	796	796	50581.53
14:12.58	1.0	797	797	797	797	797	797	797	797	50581.53
14:13.02	1.0	798	798	798	798	798	798	798	798	50581.53
14:36.39	0.0	800	800	800	800	800	800	800	800	0.0
14:36.42	0.0	801	801	801	801	801	801	801	801	0.0
14:36.49	1.0	802	802	802	802	802	802	802	802	50581.53
14:36.54	1.0	803	803	803	803	803	803	803	803	50581.53
14:36.59	1.0	804	804	804	804	804	804	804	804	50581.53
14:37.05	1.0	805	805	805	805	805	805	805	805	50581.53
14:37.10	1.0	806	806	806	806	806	806	806	806	50581.53
14:37.16	1.0	807	807	807	807	807	807	807	807	50581.53
14:37.21	1.0	808	808	808	808	808	808	808	808	50581.53
14:37.26	1.0	809	809	809	809	809	809	809	809	50581.53
14:37.31	1.0	810	810	810	810	810	810	810	810	50581.53
14:37.47	1.0	811	811	811	811	811	811	811	811	50581.53
14:37.51	1.0	812	812	812	812	812	812	812	812	50581.53
14:37.59	1.0	813	813	813	813	813	813	813	813	50581.53
14:38.04	1.0	814	814	814	814	814	814	814	814	50581.53
14:38.10	1.0	815	815	815	815	815	815	815	815	50581.53
14:38.15	1.0	816	816	816	816	816	816	816	816	50581.53
14:38.20	1.0	817	817	817	817	817	817	817	817	50581.53
14:38.26	1.0	818	818	818	818	818	818	818	818	50581.53
14:38.35	1.0	819	819	819	819	819	819	819	819	50581.53
14:38.41	1.0	820	820	820	820	820	820	820	820	50581.53
14:38.49	1.0	821	821	821	821	821	821	821	821	50581.53
14:38.54	1.0	822	822	822	822	822	822	822	822	50581.53
14:38.59	1.0	823	823	823	823	823	823	823	823	50581.53
14:39.04	1.0	824	824	824	824	824	824	824	824	50581.53
14:39.09	1.0	825	825	825	825	825	825	825	825	50581.53
14:39.15	1.0	826	826	826	826	826	826	826	826	50581.53
14:39.21	1.0	827	827	827	827	827	827	827	827	50581.53
14:39.28	1.0	828	828	828	828	828	828	828	828	50581.53
14:39.43	1.0	829	829	829	829	829	829	829	829	50581.53
14:52.04	0.0	831	831	831	831	831	831	831	831	0.0
14:52.05	0.0	832	832	832	832	832	832	832	832	0.0
14:52.06	1.0	833	833	833	833	833	833	833	833	50581.53
14:52.07	1.0	834	834	834	834	834	834	834	834	50581.53
14:52.08	1.0	835	835	835	835	835	835	835	835	50581.53
14:52.09	1.0	836	836	836	836	836	836	836	836	50581.53
14:52.10	1.0	837	837	837	837	837	837	837	837	50581.53
14:52.11	1.0	838	838	838	838	838	838	838	838	50581.53
14:52.12	1.0	839	839	839	839	839	839	839	839	50581.53
14:52.13	1.0	840	840	840	840	840	840	840	840	50581.53
14:52.16	1.0	841	841	841	841	841	841	841	841	50581.53
14:52.19	1.0	842	842	842	842	842	842	842	842	50581.53
14:52.23	1.0	843	843	843	843	843	843	843	843	50581.53
14:52.26	1.0	844	844	844	844	844	844	844	844	50581.53
14:52.30	1.0	845	845	845	845	845	845	845	845	50581.53
14:56.56	0.0	847	847	847	847	847	847	847	847	0.0
14:56.58	0.0	848	848	848	848	848	848	848	848	0.0
14:57.00	1.0	849	849	849	849	849	849	849	849	50581.53
14:57.02	1.0	850	850	850	850	850	850	850	850	50581.53
14:57.03	1.0	851	851	851	851	851	851	851	851	50581.53
14:57.06	1.0	852	852	852	852	852	852	852	852	50581.53
14:57.10	1.0	853	853	853	853	853	853	853	853	50581.53
14:57.14	1.0	854	854	854	854	854	854	854	854	50581.53
14:57.18	1.0	855	855	855	855	855	855	855	855	50581.53
14:57.22	1.0	856	856	856	856	856	856	856	856	50581.53
14:57.31	1.0	857	857	857	857	857	857	857	857	50581.53
14:57.38	1.0	858	858	858	858	858	858	858	858	50581.53
15:06.32	0.0	860	860	860	860	860	860	860	860	0.0
15:06.34	0.0	861	861	861	861	861	861	861	861	0.0
15:06.36	1.0	862	862	862	862	862	862	862	862	50581.53
15:06.38	1.0	863	863	863	863	863	863	863	863	50581.53
15:06.40	1.0	864	864	864	864	864	864	864	864	50581.53
15:06.41	1.0	865	865	865	865	865	865	865	865	50581.53
15:06.44	1.0	866	866	866	866	866	866	866	866	50581.53
15:06.51	1.0	867	867	867	867	867	867	867	867	50581.53
15:06.57	1.0	868	868	868	868	868	868	868	868	50581.53
15:07.07	1.0	869	869	869	869	869	869	869	869	50581.53
15:07.17	1.0	870	870	870	870	870	870	870	870	50581.53
15:07.26	1.0	871	871	871	871	871	871	871	871	50581.53
15:07.32	1.0	872	872	872	872	872	872	872	872	50581.53
15:07.43	1.0	873	873	873	873	873	873	873	873	50581.53
15:08.06	1.0	874	874	874	874	874	874	874	874	50581.53
15:08.21	1.0	875	875	875	875	875	875	875	875	50581.53
15:08.25	1.0	876	876	876	876	876	876	876	876	50581.53
15:08.31	1.0	877	877	877	877	877	877	877	877	50581.53
15:08.35	1.0	878	878	878	878	878	878	878	878	50581.53
15:08.38	1.0	879	879	879	879	879	879	879	879	50581.53
15:08.42	1.0	880	880	880	880	880	880	880	880	50581.53
15:08.46	1.0	881	881	881	881	881	881	881	881	50581.53
15:08.49	1.0	882	882	882	882	882	882	882	882	50581.53
15:08.54	1.0	883	883	883	883	883	883	883	883	50581.53
15:08.59	1.0	884	884	884	884	884	884	884	884	50581.53
15:09.02	1.0	885	885	885	885	885	885	885	885	50581.53
15:09.08	1.0	886	886	886	886	886	886	886	886	50581.53
15:09.12	1.0	887	887	887	887	887	887	887	887	50581.53
15:09.16	1.0	888	888	888	888	888	888	888	888	50581.53
15:09.19	1.0	889	889	889	889	889	889	889	889	50581.53
15:09.24	1.0	890	890	890	890	890	890	890	890	50581.53
15:09.28	1.0	891	891	891	891	891	891	891	891	50581.53
15:09.32	1.0	892	892	892	892	892	892	892	892	50581.53
15:09.37	1.0	893	893	893	893	893	893	893	893	50581.53
15:09.43	1.0	894	894	894	894	894	894	894	894	50581.53
15:09.48	1.0	895	895	895	895	895	895	895	895	50581.53
15:09.52	1.0	896	896	896	896	896	896	896	896	50581.53
15:09.58	1.0	897	897	897	897	897	897	897	897	50581.53
15:10.01	1.0	898	898	898	898	898	898	898	898	50581.53
15:10.05	1.0	899	899	899	899	899	899	899	899	50581.53
15:10.08	1.0	900	900	900	900	900	900	900	900	50581.53
15:10.14	1.0	901	901	901	901	901	901	901	901	50581.53
15:10.17	1.0	902	902	902	902	902	902	902	902	50581.53
15:10.21	1.0	903	903	903	903	903	903	903	903	50581.53
15:10.24	1.0	904	904	904	904	904	904	904	904	50581.53
15:10.27	1.0	905	905	905	905	905	905	905	905	50581.53
15:10.54	1.0	906	906	906	906	906	906	906	906	50581.53
15:10.57	1.0	907	907	907	907	907	907	907	907	50581.53
15:11.02	1.0	908	908	908	908	908	908	908	908	50581.53
15:11.20	1.0	909	909	909	909	909	909	909	909	50581.53
15:11.37	1.0	910	910	910	910	910	910	910	910	50581.53
15:11.43	1.0	911	911	911	911	911	911	911	911	50581.53
15:11.53	1.0	912	912	912	912	912	912	912	912	50581.53
15:12.00	1.0	913	913	913	913	913	913	913	913	50581.53
15:12.03	1.0	914	914	914	914	914	914	914	914	50581.53
15:12.10	1.0	915	915	915	915	915	915	915	915	50581.53
15:12.18	1.0	916	916	916	916	916	916	916	916	50581.53
15:12.22	1.0	917	917	917	917	917	917	917	917	50581.53
15:12.26	1.0	918	918	918	918	918	918	918	918	50581.53
15:12.31	1.0	919	919	919	919	919	919	919	919	50581.53
15:12.48	1.0	920	920	920	920	920	920	920	920	50581.53
15:12.54	1.0	921	921	921	921	921	921	921	921	50581.53
15:12.59	1.0	922	922	922	922	922	922	922	922	50581.53
15:13.32	1.0	923	923	923	923	923	923	923	923	50581.53
15:13.51	1.0	924	924	924	924	924	924	924	924	50581.53
15:14.01	1.0	925	925	925	925	925	925	925	925	50581.53
15:14.05	1.0	926	926	926	926	926	926	926	926	50581.53
15:14.09	1.0	927	927	927	927	927	927	927	927	50581.53
15:14.13	1.0	928	928	928	928	928	928	928	928	50581.53
15:14.18	1.0	929	929	929	929	929	929	929	929	50581.53
15:14.23	1.0	930	930	930	930	930	930	930	930	50581.53
15:14.36	1.0	931	931	931	931	931	931	931	931	50581.53
15:14.50	1.0	932	932	932	932	932	932	932	932	50581.53
15:15.00	1.0	933	933	933	933	933	933	933	933	50581.53
15:15.16	1.0	934	934	934	934	934	934	934	934	50581.53
15:15.21	1.0	935	935	935	935	935	935	935	935	50581.53
15:15.26	1.0	936	936	936	936	936	936	936	936	50581.53
15:15.36	1.0	937	937	937	937	937	937	937	937	50581.53
15:15.44	1.0	938	938	938	938	938	938	938	938	50581.53
15:15.50	1.0	939	939	939	939	939	939	939	939	50581.53
15:15.56	1.0	940	940	940	940	940	940	940	940	50581.53
15:16.05	1.0	941	941	941	941	941	941	941	941	50581.53
15:16.14	1.0	942	942	942	942	942	942	942	942	50581.53
15:16.40	1.0	943	943	943	943	943	943	943	943	50581.53
15:16.51	1.0	944	944	944	944	944	944	944	944	50581.53
15:17.12	1.0	945	945	945	945	945	945	945	945	50581.53
15:17.21	1.0	946	946	946	946	946	946	946	946	50581.53
15:17.35	1.0	947	947	947	947	947	947	947	947	50581.53
15:17.42	1.0	948	948	948	948	948	948	948	948	50581.53
15:17.50	1.0	949	949	949	949	949	949	949	949	50581.53
15:18.12	1.0	950	950	950	950	950	950	950	950	50581.53
15:18.24	1.0	951	951	951	951	951	951	951	951	50581.53
15:18.31	1.0	952	952	952	952	952	952	952	952	50581.53
15:18.54	1.0	953	953	953	953	953	953	953	953	50581.53
15:19.25	1.0	954	954	954	954	954	954	954	954	50581.53
15:21.45	0.0	956	956	956	956	956	956	956	956	0.0
15:21.46	0.0	957	957	957	957	957	957	957	957	0.0
15:21.48	1.0	958	958	958	958	958	958	958	958	50581.53
15:21.50	1.0	959	959	959	959	959	959	959	959	50581.53
15:21.52	1.0	960	960	960	960	960	960	960	960	50581.53
15:21.57	1.0	961	961	961	961	961	961	961	961	50581.53
15:22.02	1.0	962	962	962	962	962	962	962	962	50581.53
15:22.06	1.0	963	963	963	963	963	963	963	963	50581.53
15:22.13	1.0	964	964	964	964	964	964	964	964	50581.53
15:22.18	1.0	965	965	965	965	965	965	965	965	50581.53
15:22.22	1.0	966	966	966	966	966	966	966	966	50581.53
15:22.29	1.0	967	967	967	967	967	967	967	967	50581.53
15:22.34	1.0	968	968	968	968	968	968	968	968	50581.53
15:22.39	1.0	969	969	969	969	969	969	969	969	50581.53
15:22.43	1.0	970	970	970	970	970	970	970	970	50581.53
15:22.54	1.0	971	971	971	971	971	971	971	971	50581.53
15:22.58	1.0	972	972	972	972	972	972	972	972	50581.53
15:23.08	1.0	973	973	973	973	973	973	973	973	50581.53
15:23.13	1.0	974	974	974	974	974	974	974	974	50581.53
15:23.17	1.0	975	975	975	975	975	975	975	975	50581.53
15:23.23	1.0	976	976	976	976	976	976	976	976	50581.53
15:23.27	1.0	977	977	977	977	977	977	977	977	50581.53
15:23.32	1.0	978	978	978	978	978	978	978	978	50581.53
15:23.43	1.0	979	979	979	979	979	979	979	979	50581.53
15:23.48	1.0	980	980	980	980	980	980	980	980	50581.53
15:23.53	1.0	981	981	981	981	981	981	981	981	50581.53
15:23.58	1.0	982	982	982	982	982	982	982	982	50581.53
15:24.03	1.0	983	983	983	983	983	983	983	983	50581.53
15:24.08	1.0	984	984	984	984	984	984	984	984	50581.53
15:24.15	1.0	985	985	985	985	985	985	985	985	50581.53
15:24.21	1.0	986	986	986	986	986	986	986	986	50581.53
15:24.26	1.0	987	987	987	987	987	987	987	987	50581.53
15:24.51	1.0	988	988	988	988	988	988	988	988	50581.53
15:25.07	1.0	989	989	989	989	989	989	989	989	50581.53
15:25.12	1.0	990	990	990	990	990	990	990	990	50581.53
15:25.16	1.0	991	991	991	991	991	991	991	991	50581.53
15:25.19	1.0	992	992	992	992	992	992	992	992	50581.53
15:25.23	1.0	993	993	993	993	993	993	993	993	50581.53
15:25.26	1.0	994	994	994	994	994	994	994	994	50581.53
15:25.30	1.0	995	995	995	995	995	995	995	995	50581.53
15:25.34	1.0	996	996	996	996	996	996	996	996	50581.53
15:25.40	1.0	997	997	997	997	997	997	997	997	50581.53
15:25.43	1.0	998	998	998	998	998	998	998	998	50581.53
15:25.46	1.0	999	999	999	999	999	999	999	999	50581.53
15:25.50	1.0	1000	1000	1000	1000	1000	1000	1000	1000	50581.53
15:25.53	1.0	1001	1001	1001	1001	1001	1001	1001	1001	50581.53
15:25.56	1.0	1002	1002	1002	1002	1002	1002	1002	1002	50581.53
15:26.00	1.0	1003	1003	1003	1003	1003	1003	1003	1003	50581.53
15:26.05	1.0	1004	1004	1004	1004	1004	1004	1004	1004	50581.53
15:26.11	1.0	1005	1005	1005	1005	1005	1005	1005	1005	50581.53
15:26.22	1.0	1006	1006	1006	1006	1006	1006	1006	1006	50581.53
15:26.32	1.0	1007	1007	1007	1007	1007	1007	1007	1007	50581.53
15:26.42	1.0	1008	1008	1008	1008	1008	1008	1008	1008	50581.53
15:26.45	1.0	1009	1009	1009	1009	1009	1009	1009	1009	50581.53
15:26.49	1.0	1010	1010	1010	1010	1010	1010	1010	1010	50581.53
15:27.05	1.0	1011	1011	1011	1011	1011	1011	1011	1011	50581.53
15:27.10	1.0	1012	1012	1012	1012	1012	1012	1012	1012	50581.53
15:27.18	1.0	1013	1013	1013	1013	1013	1013	1013	1013	50581.53
15:27.24	1.0	1014	1014	1014	1014	1014	1014	1014	1014	50581.53
15:27.34	1.0	1015	1015	1015	1015	1015	1015	1015	1015	50581.53
15:27.39	1.0	1016	1016	1016	1016	1016	1016	1016	1016	50581.53
15:27.46	1.0	1017	1017	1017	1017	1017	1017	1017	1017	50581.53
15:27.57	1.0	1018	1018	1018	1018	1018	1018	1018	1018	50581.53
15:28.07	1.0	1019	1019	1019	1019	1019	1019	1019	1019	50581.53
15:28.12	1.0	1020	1020	1020	1020	1020	1020	1020	1020	50581.53
15:28.18	1.0	1021	1021	1021	1021	1021	1021	1021	1021	50581.53
15:28.22	1.0	1022	1022	1022	1022	1022	1022	1022	1022	50581.53
15:28.44	1.0	1023	1023	1023	1023	1023	1023	1023	1023	50581.53
15:28.56	1.0	1024	1024	1024	1024	1024	1024	1024	1024	50581.53
15:29.02	1.0	1025	1025	1025	1025	1025	1025	1025	1025	50581.53
15:29.14	1.0	1026	1026	1026	1026	1026	1026	1026	1026	50581.53
15:29.55	1.0	1027	1027	1027	1027	1027	1027	1027	1027	50581.53
15:29.59	1.0	1028	1028	1028	1028	1028	1028	1028	1028	50581.53
15:30.03	1.0	1029	1029	1029	1029	1029	1029	1029	1029	50581.53
15:30.07	1.0	1030	1030	1030	1030	1030	1030	1030	1030	50581.53
15:30.14	1.0	1031	1031	1031	1031	1031	1031	1031	1031	50581.53
15:30.18	1.0	1032	1032	1032	1032	1032	1032	1032	1032	50581.53
15:30.21	1.0	1033	1033	1033	1033	1033	1033	1033	1033	50581.53
15:30.26	1.0	1034	1034	1034	1034	1034	1034	1034	1034	50581.53
15:30.30	1.0	1035	1035	1035	1035	1035	1035	1035	1035	50581.53
15:30.36	1.0	1036	1036	1036	1036	1036	1036	1036	1036	50581.53
15:30.40	1.0	1037	1037	1037	1037	1037	1037	1037	1037	50581.53
15:30.44	1.0	1038	1038	1038	1038	1038	1038	1038	1038	50581.53
15:30.48	1.0	1039	1039	1039	1039	1039	1039	1039	1039	50581.53
15:30.54	1.0	1040	1040	1040	1040	1040	1040	1040	1040	50581.53
15:31.09	1.0	1041	1041	1041	1041	1041	1041	1041	1041	50581.53
15:31.43	1.0	1042	1042	1042	1042	1042	1042	1042	1042	50581.53
15:31.47	1.0	1043	1043	1043	1043	1043	1043	1043	1043	50581.53
15:31.51	1.0	1044	1044	1044	1044	1044	1044	1044	1044	50581.53
15:31.55	1.0	1045	1045	1045	1045	1045	1045	1045	1045	50581.53
15:32.10	1.0	1046	1046	1046	1046	1046	1046	1046	1046	50581.53
15:32.25	1.0	1047	1047	1047	1047	1047	1047	1047	1047	50581.53
15:32.37	1.0	1048	1048	1048	1048	1048	1048	1048	1048	50581.53
15:32.50	1.0	1049	1049	1049	1049	1049	1049	1049	1049	50581.53
15:33.11	1.0	1050	1050	1050	1050	1050	1050	1050	1050	50581.53
15:33.24	1.0	1051	1051	1051	1051	1051	1051	1051	1051	50581.53
15:33.41	1.0	1052	1052	1052	1052	1052	1052	1052	1052	50581.53
15:33.49	1.0	1053	1053	1053	1053	1053	1053	1053	1053	50581.53
15:33.56	1.0	1054	1054	1054	1054	1054	1054	1054	1054	50581.53
15:37.10	0.0	1056	1056	1056	1056	1056	1056	1056	1056	0.0
15:37.12	0.0	1057	1057	1057	1057	1057	1057	1057	1057	0.0
15:37.15	1.0	1058	1058	1058	1058	1058	1058	1058	1058	50581.53
15:37.20	1.0	1059	1059	1059	1059	1059	1059	1059	1059	50581.53
15:37.27	1.0	1060	1060	1060	1060	1060	1060	1060	1060	50581.53
15:37.32	1.0	1061	1061	1061	1061	1061	1061	1061	1061	50581.53
15:37.40	1.0	1062	1062	1062	1062	1062	1062	1062	1062	50581.53
15:37.46	1.0	1063	1063	1063	1063	1063	1063	1063	1063	50581.53
15:37.56	1.0	1064	1064	1064	1064	1064	1064	1064	1064	50581.53
15:38.02	1.0	1065	1065	1065	1065	1065	1065	1065	1065	50581.53
15:38.07	1.0	1066	1066	1066	1066	1066	1066	1066	1066	50581.53
15:38.17	1.0	1067	1067	1067	1067	1067	1067	1067	1067	50581.53
15:38.23	1.0	1068	1068	1068	1068	1068	1068	1068	1068	50581.53
15:38.30	1.0	1069	1069	1069	1069	1069	1069	1069	1069	50581.53
15:38.36	1.0	1070	1070	1070	1070	1070	1070	1070	1070	50581.53
15:38.45	1.0	1071	1071	1071	1071	1071	1071	1071	1071	50581.53
15:38.52	1.0	1072	1072	1072	1072	1072	1072	1072	1072	50581.53
15:39.01	1.0	1073	1073	1073	1073	1073	1073	1073	1073	50581.53
15:39.08	1.0	1074	1074	1074	1074	1074	1074	1074	1074	50581.53
15:39.14	1.0	1075	1075	1075	1075	1075	1075	1075	1075	50581.53
15:39.25	1.0	1076	1076	1076	1076	1076	1076	1076	1076	50581.53
15:39.31	1.0	1077	1077	1077	1077	1077	1077	1077	1077	50581.53
16:11.33	0.0	1079	1079	1079	1079	1079	1079	1079	1079	0.0
16:11.35	0.0	1080	1080	1080	1080	1080	1080	1080	1080	0.0
16:11.37	1.0	1081	1081	1081	1081	1081	1081	1081	1081	50581.53
16:11.40	1.0	1082	1082	1082	1082	1082	1082	1082	1082	50581.53
16:11.44	1.0	1083	1083	1083	1083	1083	1083	1083	1083	50581.53
16:11.49	1.0	1084	1084	1084	1084	1084	1084	1084	1084	50581.53
16:11.53	1.0	1085	1085	1085	1085	1085	1085	1085	1085	50581.53
16:11.58	1.0	1086	1086	1086	1086	1086	1086	1086	1086	50581.53
16:12.04	1.0	1087	1087	1087	1087	1087	1087	1087	1087	50581.53
16:12.19	1.0	1088	1088	1088	1088	1088	1088	1088	1088	50581.53
16:12.26	1.0	1089	1089	1089	1089	1089	1089	1089	1089	50581.53
16:12.30	1.0	1090	1090	1090	1090	1090	1090	1090	1090	50581.53
16:12.36	1.0	1091	1091	1091	1091	1091	1091	1091	1091	50581.53
16:12.41	1.0	1092	1092	1092	1092	1092	1092	1092	1092	50581.53
16:12.52	1.0	1093	1093	1093	1093	1093	1093	1093	1093	50581.53
16:12.57	1.0	1094	1094	1094	1094	1094	1094	1094	1094	50581.53
16:52.26	0.0	1096	1096	1096	1096	1096	1096	1096	1096	0.0
16:52.29	0.0	1097	1097	1097	1097	1097	1097	1097	1097	0.0
16:52.33	1.0	1098	1098	1098	1098	1098	1098	1098	1098	50581.53
16:52.41	1.0	1099	1099	1099	1099	1099	1099	1099	1099	50581.53
16:52.48	1.0	1100	1100	1100	1100	1100	1100	1100	1100	50581.53
16:52.59	1.0	1101	1101	1101	1101	1101	1101	1101	1101	50581.53
17:01.09	0.0	1103	1103	1103	1103	1103	1103	1103	1103	0.0
17:01.10	0.0	1104	1104	1104	1104	1104	1104	1104	1104	0.0
17:01.11	1.0	1105	1105	1105	1105	1105	1105	1105	1105	50581.53
17:01.13	1.0	1106	1106	1106	1106	1106	1106	1106	1106	50581.53
17:01.14	1.0	1107	1107	1107	1107	1107	1107	1107	1107	50581.53
17:01.15	1.0	1108	1108	1108	1108	1108	1108	1108	1108	50581.53
17:01.16	1.0	1109	1109	1109	1109	1109	1109	1109	1109	50581.53
17:01.18	1.0	1110	1110	1110	1110	1110	1110	1110	1110	50581.53
17:01.19	1.0	1111	1111	1111	1111	1111	1111	1111	1111	50581.53
17:01.20	1.0	1112	1112	1112	1112	1112	1112	1112	1112	50581.53
17:01.22	1.0	1113	1113	1113	1113	1113	1113	1113	1113	50581.53
17:01.26	1.0	1114	1114	1114	1114	1114	1114	1114	1114	50581.53
17:01.31	1.0	1115	1115	1115	1115	1115	1115	1115	1115	50581.53
17:01.36	1.0	1116	1116	1116	1116	1116	1116	1116	1116	50581.53
17:01.40	1.0	1117	1117	1117	1117	1117	1117	1117	1117	50581.53
17:01.46	1.0	1118	1118	1118	1118	1118	1118	1118	1118	50581.53
17:01.48	1.0	1119	1119	1119	1119	1119	1119	1119	1119	50581.53
17:01.56	1.0	1120	1120	1120	1120	1120	1120	1120	1120	50581.53
17:02.06	1.0	1121	1121	1121	1121	1121	1121	1121	1121	50581.53
17:02.12	1.0	1122	1122	1122	1122	1122	1122	1122	1122	50581.53
17:02.23	1.0	1123	1123	1123	1123	1123	1123	1123	1123	50581.53
17:02.35	1.0	1124	1124	1124	1124	1124	1124	1124	1124	50581.53
17:02.40	1.0	1125	1125	1125	1125	1125	1125	1125	1125	50581.53
17:02.43	1.0	1126	1126	1126	1126	1126	1126	1126	1126	50581.53
17:02.46	1.0	1127	1127	1127	1127	1127	1127	1127	1127	50581.53
17:02.52	1.0	1128	1128	1128	1128	1128	1128	1128	1128	50581.53
17:02.54	1.0	1129	1129	1129	1129	1129	1129	1129	1129	50581.53
17:02.57	1.0	1130	1130	1130	1130	1130	1130	1130	1130	50581.53
17:03.01	1.0	1131	1131	1131	1131	1131	1131	1131	1131	50581.53
17:03.18	1.0	1132	1132	1132	1132	1132	1132	1132	1132	50581.53
17:03.46	1.0	1133	1133	1133	1133	1133	1133	1133	1133	50581.53
17:03.51	1.0	1134	1134	1134	1134	1134	1134	1134	1134	50581.53
17:03.54	1.0	1135	1135	1135	1135	1135	1135	1135	1135	50581.53
17:03.56	1.0	1136	1136	1136	1136	1136	1136	1136	1136	50581.53
17:03.58	1.0	1137	1137	1137	1137	1137	1137	1137	1137	50581.53
17:03.59	1.0	1138	1138	1138	1138	1138	1138	1138	1138	50581.53
17:04.01	1.0	1139	1139	1139	1139	1139	1139	1139	1139	50581.53
17:04.03	1.0	1140	1140	1140	1140	1140	1140	1140	1140	50581.53
17:04.05	1.0	1141	1141	1141	1141	1141	1141	1141	1141	50581.53
17:04.07	1.0	1142	1142	1142	1142	1142	1142	1142	1142	50581.53
17:04.10	1.0	1143	1143	1143	1143	1143	1143	1143	1143	50581.53
17:04.12	1.0	1144	1144	1144	1144	1144	1144	1144	1144	50581.53
17:04.14	1.0	1145	1145	1145	1145	1145	1145	1145	1145	50581.53
17:04.16	1.0	1146	1146	1146	1146	1146	1146	1146	1146	50581.53
17:04.18	1.0	1147	1147	1147	1147	1147	1147	1147	1147	50581.53
17:04.20	1.0	1148	1148	1148	1148	1148	1148	1148	1148	50581.53
17:04.22	1.0	1149	1149	1149	1149	1149	1149	1149	1149	50581.53
17:04.27	1.0	1150	1150	1150	1150	1150	1150	1150	1150	50581.53
