================================= TCP01 - Realtime Index Tracker =============================
Time		Layer#	T1Row	T2Row	T3Row	T4Row	T5Row	T6Row	T7Row	T8Row	EstPos
----------------------------------------------------------------------------------------------
11:11.03	Series([], Name: CurrentLayer, dtype: object)	1	1	1	1	1	1	1	1	Series([], Name: PipePosition, dtype: object)
11:11.07	0     1
1     1
2     1
3     1
4     1
5     1
6     1
7     1
8     1
9     1
10    1
11    1
12    1
13    1
14    1
15    1
16    1
17    1
18    1
19    1
Name: CurrentLayer, dtype: int64	21	21	21	21	21	21	21	21	Series([], Name: PipePosition, dtype: object)
11:11.11	0     1
1     1
2     1
3     1
4     1
5     1
6     1
7     1
8     1
9     1
10    1
11    1
12    1
13    1
14    1
15    1
16    1
17    1
18    1
19    1
20    1
21    1
22    1
23    1
24    1
25    1
26    1
27    1
28    1
29    1
30    1
31    1
32    1
33    1
34    1
35    1
36    2
37    2
38    2
39    2
Name: CurrentLayer, dtype: int64	41	41	41	41	41	41	41	41	0     50263.75
1     50293.53
2     50328.54
3     50363.56
4     50396.83
5     50431.84
6     50465.11
7     50498.39
8     50531.21
9     50564.91
10    50599.50
11    50629.70
12    50666.48
13    50699.73
14    50732.56
15    50766.26
16    50799.53
17    50832.36
18    50865.66
19    50901.11
Name: PipePosition, dtype: float64
11:11.15	0     1
1     1
2     1
3     1
4     1
5     1
6     1
7     1
8     1
9     1
10    1
11    1
12    1
13    1
14    1
15    1
16    1
17    1
18    1
19    1
20    1
21    1
22    1
23    1
24    1
25    1
26    1
27    1
28    1
29    1
30    1
31    1
32    1
33    1
34    1
35    1
36    2
37    2
38    2
39    2
40    2
41    2
42    2
43    2
44    2
45    2
46    2
47    2
48    2
49    2
50    2
51    2
52    2
53    2
54    2
55    2
56    2
57    2
58    2
59    2
Name: CurrentLayer, dtype: int64	61	61	61	61	61	61	61	61	0     50263.75
1     50293.53
2     50328.54
3     50363.56
4     50396.83
5     50431.84
6     50465.11
7     50498.39
8     50531.21
9     50564.91
10    50599.50
11    50629.70
12    50666.48
13    50699.73
14    50732.56
15    50766.26
16    50799.53
17    50832.36
18    50865.66
19    50901.11
20    50934.36
21    50968.93
22    51002.63
23    51035.48
24    51067.41
25    51102.07
26    51131.59
27    51160.95
28    51188.79
29    51209.07
30    51225.64
31    51238.52
32    51248.91
33    51254.96
34    51258.07
35    51258.77
36     -421.79
37     -421.61
38     -419.11
39     -415.51
Name: PipePosition, dtype: float64
11:14.46	Series([], Name: CurrentLayer, dtype: object)	1	1	1	1	1	1	1	1	Series([], Name: PipePosition, dtype: object)
11:14.50	0     1
1     1
2     1
3     1
4     1
5     1
6     1
7     1
8     1
9     1
10    1
11    1
12    1
13    1
14    1
15    1
16    1
17    1
18    1
19    1
Name: CurrentLayer, dtype: int64	21	21	21	21	21	21	21	21	Series([], Name: PipePosition, dtype: object)
11:14.54	0     1
1     1
2     1
3     1
4     1
5     1
6     1
7     1
8     1
9     1
10    1
11    1
12    1
13    1
14    1
15    1
16    1
17    1
18    1
19    1
20    1
21    1
22    1
23    1
24    1
25    1
26    1
27    1
28    1
29    1
30    1
31    1
32    1
33    1
34    1
35    1
36    2
37    2
38    2
39    2
Name: CurrentLayer, dtype: int64	41	41	41	41	41	41	41	41	0     50263.75
1     50293.53
2     50328.54
3     50363.56
4     50396.83
5     50431.84
6     50465.11
7     50498.39
8     50531.21
9     50564.91
10    50599.50
11    50629.70
12    50666.48
13    50699.73
14    50732.56
15    50766.26
16    50799.53
17    50832.36
18    50865.66
19    50901.11
Name: PipePosition, dtype: float64
11:14.58	0     1
1     1
2     1
3     1
4     1
5     1
6     1
7     1
8     1
9     1
10    1
11    1
12    1
13    1
14    1
15    1
16    1
17    1
18    1
19    1
20    1
21    1
22    1
23    1
24    1
25    1
26    1
27    1
28    1
29    1
30    1
31    1
32    1
33    1
34    1
35    1
36    2
37    2
38    2
39    2
40    2
41    2
42    2
43    2
44    2
45    2
46    2
47    2
48    2
49    2
50    2
51    2
52    2
53    2
54    2
55    2
56    2
57    2
58    2
59    2
Name: CurrentLayer, dtype: int64	61	61	61	61	61	61	61	61	0     50263.75
1     50293.53
2     50328.54
3     50363.56
4     50396.83
5     50431.84
6     50465.11
7     50498.39
8     50531.21
9     50564.91
10    50599.50
11    50629.70
12    50666.48
13    50699.73
14    50732.56
15    50766.26
16    50799.53
17    50832.36
18    50865.66
19    50901.11
20    50934.36
21    50968.93
22    51002.63
23    51035.48
24    51067.41
25    51102.07
26    51131.59
27    51160.95
28    51188.79
29    51209.07
30    51225.64
31    51238.52
32    51248.91
33    51254.96
34    51258.07
35    51258.77
36     -421.79
37     -421.61
38     -419.11
39     -415.51
Name: PipePosition, dtype: float64
11:26.45	Series([], Name: CurrentLayer, dtype: object)	1	1	1	1	1	1	1	1	Series([], Name: PipePosition, dtype: object)
11:26.48	0     1
1     1
2     1
3     1
4     1
5     1
6     1
7     1
8     1
9     1
10    1
11    1
12    1
13    1
14    1
15    1
16    1
17    1
18    1
19    1
Name: CurrentLayer, dtype: int64	21	21	21	21	21	21	21	21	Series([], Name: PipePosition, dtype: object)
11:26.52	0     1
1     1
2     1
3     1
4     1
5     1
6     1
7     1
8     1
9     1
10    1
11    1
12    1
13    1
14    1
15    1
16    1
17    1
18    1
19    1
20    1
21    1
22    1
23    1
24    1
25    1
26    1
27    1
28    1
29    1
30    1
31    1
32    1
33    1
34    1
35    1
36    2
37    2
38    2
39    2
Name: CurrentLayer, dtype: int64	41	41	41	41	41	41	41	41	0     50263.75
1     50293.53
2     50328.54
3     50363.56
4     50396.83
5     50431.84
6     50465.11
7     50498.39
8     50531.21
9     50564.91
10    50599.50
11    50629.70
12    50666.48
13    50699.73
14    50732.56
15    50766.26
16    50799.53
17    50832.36
18    50865.66
19    50901.11
Name: PipePosition, dtype: float64
11:26.56	0     1
1     1
2     1
3     1
4     1
5     1
6     1
7     1
8     1
9     1
10    1
11    1
12    1
13    1
14    1
15    1
16    1
17    1
18    1
19    1
20    1
21    1
22    1
23    1
24    1
25    1
26    1
27    1
28    1
29    1
30    1
31    1
32    1
33    1
34    1
35    1
36    2
37    2
38    2
39    2
40    2
41    2
42    2
43    2
44    2
45    2
46    2
47    2
48    2
49    2
50    2
51    2
52    2
53    2
54    2
55    2
56    2
57    2
58    2
59    2
Name: CurrentLayer, dtype: int64	61	61	61	61	61	61	61	61	0     50263.75
1     50293.53
2     50328.54
3     50363.56
4     50396.83
5     50431.84
6     50465.11
7     50498.39
8     50531.21
9     50564.91
10    50599.50
11    50629.70
12    50666.48
13    50699.73
14    50732.56
15    50766.26
16    50799.53
17    50832.36
18    50865.66
19    50901.11
20    50934.36
21    50968.93
22    51002.63
23    51035.48
24    51067.41
25    51102.07
26    51131.59
27    51160.95
28    51188.79
29    51209.07
30    51225.64
31    51238.52
32    51248.91
33    51254.96
34    51258.07
35    51258.77
36     -421.79
37     -421.61
38     -419.11
39     -415.51
Name: PipePosition, dtype: float64
11:27.00	0     1
1     1
2     1
3     1
4     1
     ..
75    2
76    2
77    2
78    2
79    2
Name: CurrentLayer, Length: 80, dtype: int64	81	81	81	81	81	81	81	81	0     50263.75
1     50293.53
2     50328.54
3     50363.56
4     50396.83
5     50431.84
6     50465.11
7     50498.39
8     50531.21
9     50564.91
10    50599.50
11    50629.70
12    50666.48
13    50699.73
14    50732.56
15    50766.26
16    50799.53
17    50832.36
18    50865.66
19    50901.11
20    50934.36
21    50968.93
22    51002.63
23    51035.48
24    51067.41
25    51102.07
26    51131.59
27    51160.95
28    51188.79
29    51209.07
30    51225.64
31    51238.52
32    51248.91
33    51254.96
34    51258.07
35    51258.77
36     -421.79
37     -421.61
38     -419.11
39     -415.51
40     -409.67
41     -402.38
42     -393.32
43     -382.00
44     -369.47
45     -356.09
46     -340.25
47     -321.72
48     -303.30
49     -283.50
50     -260.98
51     -235.41
52     -210.71
53     -181.50
54     -153.58
55     -120.74
56      -88.48
57      -54.38
58      -23.25
59       12.50
Name: PipePosition, dtype: float64
11:27.04	0     1
1     1
2     1
3     1
4     1
     ..
95    2
96    2
97    2
98    2
99    2
Name: CurrentLayer, Length: 100, dtype: int64	101	101	101	101	101	101	101	101	0     50263.75
1     50293.53
2     50328.54
3     50363.56
4     50396.83
        ...   
75      537.09
76      572.87
77      605.24
78      635.93
79      670.03
Name: PipePosition, Length: 80, dtype: float64
11:36.02	Series([], Name: CurrentLayer, dtype: object)	1	1	1	1	1	1	1	1	Series([], Name: PipePosition, dtype: object)
11:36.10	0     1
1     1
2     1
3     1
4     1
5     1
6     1
7     1
8     1
9     1
10    1
11    1
12    1
13    1
14    1
15    1
16    1
17    1
18    1
19    1
Name: CurrentLayer, dtype: int64	21	21	21	21	21	21	21	21	Series([], Name: PipePosition, dtype: object)
11:36.22	0     1
1     1
2     1
3     1
4     1
5     1
6     1
7     1
8     1
9     1
10    1
11    1
12    1
13    1
14    1
15    1
16    1
17    1
18    1
19    1
20    1
21    1
22    1
23    1
24    1
25    1
26    1
27    1
28    1
29    1
30    1
31    1
32    1
33    1
34    1
35    1
36    2
37    2
38    2
39    2
Name: CurrentLayer, dtype: int64	41	41	41	41	41	41	41	41	0     50263.75
1     50293.53
2     50328.54
3     50363.56
4     50396.83
5     50431.84
6     50465.11
7     50498.39
8     50531.21
9     50564.91
10    50599.50
11    50629.70
12    50666.48
13    50699.73
14    50732.56
15    50766.26
16    50799.53
17    50832.36
18    50865.66
19    50901.11
Name: PipePosition, dtype: float64
11:36.31	0     1
1     1
2     1
3     1
4     1
5     1
6     1
7     1
8     1
9     1
10    1
11    1
12    1
13    1
14    1
15    1
16    1
17    1
18    1
19    1
20    1
21    1
22    1
23    1
24    1
25    1
26    1
27    1
28    1
29    1
30    1
31    1
32    1
33    1
34    1
35    1
36    2
37    2
38    2
39    2
40    2
41    2
42    2
43    2
44    2
45    2
46    2
47    2
48    2
49    2
50    2
51    2
52    2
53    2
54    2
55    2
56    2
57    2
58    2
59    2
Name: CurrentLayer, dtype: int64	61	61	61	61	61	61	61	61	0     50263.75
1     50293.53
2     50328.54
3     50363.56
4     50396.83
5     50431.84
6     50465.11
7     50498.39
8     50531.21
9     50564.91
10    50599.50
11    50629.70
12    50666.48
13    50699.73
14    50732.56
15    50766.26
16    50799.53
17    50832.36
18    50865.66
19    50901.11
20    50934.36
21    50968.93
22    51002.63
23    51035.48
24    51067.41
25    51102.07
26    51131.59
27    51160.95
28    51188.79
29    51209.07
30    51225.64
31    51238.52
32    51248.91
33    51254.96
34    51258.07
35    51258.77
36     -421.79
37     -421.61
38     -419.11
39     -415.51
Name: PipePosition, dtype: float64
11:50.48	1	1	1	1	1	1	1	1	1	0
11:50.51	0     1
1     1
2     1
3     1
4     1
5     1
6     1
7     1
8     1
9     1
10    1
11    1
12    1
13    1
14    1
15    1
16    1
17    1
18    1
Name: CurrentLayer, dtype: int64	21	21	21	21	21	21	21	21	0
11:50.56	0     1
1     1
2     1
3     1
4     1
5     1
6     1
7     1
8     1
9     1
10    1
11    1
12    1
13    1
14    1
15    1
16    1
17    1
18    1
Name: CurrentLayer, dtype: int64	41	41	41	41	41	41	41	41	0     50263.75
1     50293.53
2     50328.54
3     50363.56
4     50396.83
5     50431.84
6     50465.11
7     50498.39
8     50531.21
9     50564.91
10    50599.50
11    50629.70
12    50666.48
13    50699.73
14    50732.56
15    50766.26
16    50799.53
17    50832.36
18    50865.66
Name: PipePosition, dtype: float64
11:51.05	0     1
1     1
2     1
3     1
4     1
5     1
6     1
7     1
8     1
9     1
10    1
11    1
12    1
13    1
14    1
15    1
16    1
17    1
18    1
Name: CurrentLayer, dtype: int64	61	61	61	61	61	61	61	61	0     50263.75
1     50293.53
2     50328.54
3     50363.56
4     50396.83
5     50431.84
6     50465.11
7     50498.39
8     50531.21
9     50564.91
10    50599.50
11    50629.70
12    50666.48
13    50699.73
14    50732.56
15    50766.26
16    50799.53
17    50832.36
18    50865.66
Name: PipePosition, dtype: float64
11:51.10	0     1
1     1
2     1
3     1
4     1
5     1
6     1
7     1
8     1
9     1
10    1
11    1
12    1
13    1
14    1
15    1
16    1
17    1
18    1
Name: CurrentLayer, dtype: int64	81	81	81	81	81	81	81	81	0     50263.75
1     50293.53
2     50328.54
3     50363.56
4     50396.83
5     50431.84
6     50465.11
7     50498.39
8     50531.21
9     50564.91
10    50599.50
11    50629.70
12    50666.48
13    50699.73
14    50732.56
15    50766.26
16    50799.53
17    50832.36
18    50865.66
Name: PipePosition, dtype: float64
11:55.13	1	1	1	1	1	1	1	1	1	0
11:55.17	0     1
1     1
2     1
3     1
4     1
5     1
6     1
7     1
8     1
9     1
10    1
11    1
12    1
13    1
14    1
15    1
16    1
17    1
18    1
Name: CurrentLayer, dtype: int64	21	21	21	21	21	21	21	21	0
11:55.21	0     1
1     1
2     1
3     1
4     1
5     1
6     1
7     1
8     1
9     1
10    1
11    1
12    1
13    1
14    1
15    1
16    1
17    1
18    1
Name: CurrentLayer, dtype: int64	41	41	41	41	41	41	41	41	0     50263.75
1     50293.53
2     50328.54
3     50363.56
4     50396.83
5     50431.84
6     50465.11
7     50498.39
8     50531.21
9     50564.91
10    50599.50
11    50629.70
12    50666.48
13    50699.73
14    50732.56
15    50766.26
16    50799.53
17    50832.36
18    50865.66
Name: PipePosition, dtype: float64
11:55.25	0     1
1     1
2     1
3     1
4     1
5     1
6     1
7     1
8     1
9     1
10    1
11    1
12    1
13    1
14    1
15    1
16    1
17    1
18    1
Name: CurrentLayer, dtype: int64	61	61	61	61	61	61	61	61	0     50263.75
1     50293.53
2     50328.54
3     50363.56
4     50396.83
5     50431.84
6     50465.11
7     50498.39
8     50531.21
9     50564.91
10    50599.50
11    50629.70
12    50666.48
13    50699.73
14    50732.56
15    50766.26
16    50799.53
17    50832.36
18    50865.66
Name: PipePosition, dtype: float64
11:59.55	1	1	1	1	1	1	1	1	1	0
11:59.59	1	21	21	21	21	21	21	21	21	0
12:00.02	1	41	41	41	41	41	41	41	41	50865.66
12:00.10	1	61	61	61	61	61	61	61	61	50865.66
12:00.17	1	81	81	81	81	81	81	81	81	50865.66
12:00.26	1	101	101	101	101	101	101	101	101	50865.66
12:00.33	1	121	121	121	121	121	121	121	121	50865.66
13:09.37	1	122	122	122	122	122	122	122	122	0
13:09.45	1	142	142	142	142	142	142	142	142	0
13:09.52	1	162	162	162	162	162	162	162	162	50901.11
13:10.09	1	182	182	182	182	182	182	182	182	50901.11
13:10.49	1	202	202	202	202	202	202	202	202	50901.11
13:10.56	1	222	222	222	222	222	222	222	222	50901.11
13:11.16	1	242	242	242	242	242	242	242	242	50901.11
13:11.24	1	262	262	262	262	262	262	262	262	50901.11
13:11.37	1	282	282	282	282	282	282	282	282	50901.11
13:11.46	1	302	302	302	302	302	302	302	302	50901.11
13:11.56	1	322	322	322	322	322	322	322	322	50901.11
13:12.03	1	342	342	342	342	342	342	342	342	50901.11
13:12.12	1	362	362	362	362	362	362	362	362	50901.11
13:12.25	1	382	382	382	382	382	382	382	382	50901.11
13:12.34	1	402	402	402	402	402	402	402	402	50901.11
13:13.04	1	422	422	422	422	422	422	422	422	50901.11
13:13.21	1	442	442	442	442	442	442	442	442	50901.11
13:13.29	1	462	462	462	462	462	462	462	462	50901.11
13:13.38	1	482	482	482	482	482	482	482	482	50901.11
13:13.46	1	502	502	502	502	502	502	502	502	50901.11
13:13.56	1	522	522	522	522	522	522	522	522	50901.11
13:14.10	1	542	542	542	542	542	542	542	542	50901.11
13:14.27	1	562	562	562	562	562	562	562	562	50901.11
13:14.34	1	582	582	582	582	582	582	582	582	50901.11
13:14.47	1	602	602	602	602	602	602	602	602	50901.11
13:23.20	1	603	603	603	603	603	603	603	603	0
13:41.30	1	604	604	604	604	604	604	604	604	0
13:41.36	1	624	624	624	624	624	624	624	624	0
13:41.41	1	644	644	644	644	644	644	644	644	0
13:41.45	1	664	664	664	664	664	664	664	664	0
13:41.53	1	684	684	684	684	684	684	684	684	0
13:41.59	1	704	704	704	704	704	704	704	704	0
13:42.04	1	724	724	724	724	724	724	724	724	0
13:42.14	1	744	744	744	744	744	744	744	744	0
13:42.18	1	764	764	764	764	764	764	764	764	0
13:42.24	1	784	784	784	784	784	784	784	784	0
13:42.32	1	804	804	804	804	804	804	804	804	0
13:42.39	1	824	824	824	824	824	824	824	824	0
13:42.45	1	844	844	844	844	844	844	844	844	0
13:42.53	1	864	864	864	864	864	864	864	864	0
13:43.00	1	884	884	884	884	884	884	884	884	0
13:43.10	1	904	904	904	904	904	904	904	904	0
13:43.16	1	924	924	924	924	924	924	924	924	0
13:43.21	1	944	944	944	944	944	944	944	944	0
13:43.27	1	964	964	964	964	964	964	964	964	0
13:43.44	1	984	984	984	984	984	984	984	984	0
13:44.00	1	1004	1004	1004	1004	1004	1004	1004	1004	0
13:59.08	Series([], Name: CurrentLayer, dtype: object)	1005	1005	1005	1005	1005	1005	1005	1005	Series([], Name: PipePosition, dtype: object)
13:59.14	19    1
Name: CurrentLayer, dtype: int64	1025	1025	1025	1025	1025	1025	1025	1025	Series([], Name: PipePosition, dtype: object)
13:59.19	39    2
Name: CurrentLayer, dtype: int64	1045	1045	1045	1045	1045	1045	1045	1045	19    50901.11
Name: PipePosition, dtype: float64
13:59.25	59    2
Name: CurrentLayer, dtype: int64	1065	1065	1065	1065	1065	1065	1065	1065	39   -415.51
Name: PipePosition, dtype: float64
13:59.30	79    2
Name: CurrentLayer, dtype: int64	1085	1085	1085	1085	1085	1085	1085	1085	59    12.5
Name: PipePosition, dtype: float64
14:10.31	1	1	1	1	1	1	1	1	1	0
14:10.48	[1]	21	21	21	21	21	21	21	21	0
14:10.54	[2]	41	41	41	41	41	41	41	41	[50901.109375]
14:11.02	[2]	61	61	61	61	61	61	61	61	[-415.5119934082031]
14:11.08	[2]	81	81	81	81	81	81	81	81	[12.501999855041504]
14:11.13	[2]	101	101	101	101	101	101	101	101	[670.0250244140625]
14:11.38	[2]	121	121	121	121	121	121	121	121	[1324.5269775390625]
14:11.54	[2]	141	141	141	141	141	141	141	141	[1984.177001953125]
14:12.01	[2]	161	161	161	161	161	161	161	161	[2633.576904296875]
14:12.12	[2]	181	181	181	181	181	181	181	181	[3288.074951171875]
14:12.20	[2]	201	201	201	201	201	201	201	201	[3946.44189453125]
14:12.30	[2]	221	221	221	221	221	221	221	221	[4600.5517578125]
14:12.38	[2]	241	241	241	241	241	241	241	241	[5255.080078125]
14:27.43	1	242	242	242	242	242	242	242	242	0
14:32.18	1	243	243	243	243	243	243	243	243	0
14:32.21	1	263	263	263	263	263	263	263	263	0
14:32.26	2	283	283	283	283	283	283	283	283	50901.109375
14:32.40	2	303	303	303	303	303	303	303	303	-415.5119934082031
14:32.52	2	323	323	323	323	323	323	323	323	12.501999855041504
14:33.10	2	343	343	343	343	343	343	343	343	670.0250244140625
14:33.23	2	363	363	363	363	363	363	363	363	1324.5269775390625
14:33.41	2	383	383	383	383	383	383	383	383	1984.177001953125
14:33.49	2	403	403	403	403	403	403	403	403	2633.576904296875
14:33.58	2	423	423	423	423	423	423	423	423	3288.074951171875
14:34.09	2	443	443	443	443	443	443	443	443	3946.44189453125
14:34.23	2	463	463	463	463	463	463	463	463	4600.5517578125
14:34.31	2	483	483	483	483	483	483	483	483	5255.080078125
14:34.48	2	503	503	503	503	503	503	503	503	5907.8798828125
14:34.55	2	523	523	523	523	523	523	523	523	6560.72216796875
14:35.04	2	543	543	543	543	543	543	543	543	7215.2421875
14:35.12	2	563	563	563	563	563	563	563	563	7869.759765625
14:35.17	2	583	583	583	583	583	583	583	583	8524.2646484375
14:35.44	2	603	603	603	603	603	603	603	603	9180.4765625
14:40.25	1	604	604	604	604	604	604	604	604	0
14:40.32	1	624	624	624	624	624	624	624	624	50901.109375
14:40.40	2	644	644	644	644	644	644	644	644	-415.5119934082031
14:50.50	1	645	645	645	645	645	645	645	645	0
14:50.56	1	665	665	665	665	665	665	665	665	50901.109375
14:51.05	2	685	685	685	685	685	685	685	685	-415.5119934082031
14:51.11	2	705	705	705	705	705	705	705	705	12.501999855041504
14:51.17	2	725	725	725	725	725	725	725	725	670.0250244140625
14:51.23	2	745	745	745	745	745	745	745	745	1324.5269775390625
14:51.35	2	765	765	765	765	765	765	765	765	1984.177001953125
14:51.50	2	785	785	785	785	785	785	785	785	2633.576904296875
14:52.00	2	805	805	805	805	805	805	805	805	3288.074951171875
14:52.08	2	825	825	825	825	825	825	825	825	3946.44189453125
14:52.15	2	845	845	845	845	845	845	845	845	4600.5517578125
15:02.16	1	846	846	846	846	846	846	846	846	0
15:02.22	1	866	866	866	866	866	866	866	866	50901.109375
15:02.33	2	886	886	886	886	886	886	886	886	-415.5119934082031
15:02.41	2	906	906	906	906	906	906	906	906	12.501999855041504
15:02.58	2	926	926	926	926	926	926	926	926	670.0250244140625
15:03.15	2	946	946	946	946	946	946	946	946	1324.5269775390625
15:03.19	2	966	966	966	966	966	966	966	966	1984.177001953125
15:03.27	2	986	986	986	986	986	986	986	986	2633.576904296875
15:03.30	2	1006	1006	1006	1006	1006	1006	1006	1006	3288.074951171875
15:03.36	2	1026	1026	1026	1026	1026	1026	1026	1026	3946.44189453125
15:03.40	2	1046	1046	1046	1046	1046	1046	1046	1046	4600.5517578125
15:03.48	2	1066	1066	1066	1066	1066	1066	1066	1066	5255.080078125
15:03.51	2	1086	1086	1086	1086	1086	1086	1086	1086	5907.8798828125
15:03.55	2	1106	1106	1106	1106	1106	1106	1106	1106	6560.72216796875
15:04.01	2	1126	1126	1126	1126	1126	1126	1126	1126	7215.2421875
15:04.08	2	1146	1146	1146	1146	1146	1146	1146	1146	7869.759765625
15:04.25	2	1166	1166	1166	1166	1166	1166	1166	1166	8524.2646484375
15:04.27	2	1186	1186	1186	1186	1186	1186	1186	1186	9180.4765625
15:04.39	2	1206	1206	1206	1206	1206	1206	1206	1206	9843.5302734375
15:04.43	2	1226	1226	1226	1226	1226	1226	1226	1226	10499.7470703125
15:04.50	2	1246	1246	1246	1246	1246	1246	1246	1246	11149.15234375
15:30.44	1	1247	1247	1247	1247	1247	1247	1247	1247	0
15:31.00	1	1267	1267	1267	1267	1267	1267	1267	1267	50901.11
15:31.06	2	1287	1287	1287	1287	1287	1287	1287	1287	-415.51
15:31.22	2	1307	1307	1307	1307	1307	1307	1307	1307	12.5
15:31.30	2	1327	1327	1327	1327	1327	1327	1327	1327	670.03
15:31.33	2	1347	1347	1347	1347	1347	1347	1347	1347	1324.53
15:31.39	2	1367	1367	1367	1367	1367	1367	1367	1367	1984.18
15:31.56	2	1387	1387	1387	1387	1387	1387	1387	1387	2633.58
15:32.10	2	1407	1407	1407	1407	1407	1407	1407	1407	3288.07
15:32.13	2	1427	1427	1427	1427	1427	1427	1427	1427	3946.44
15:32.20	2	1447	1447	1447	1447	1447	1447	1447	1447	4600.55
15:32.23	2	1467	1467	1467	1467	1467	1467	1467	1467	5255.08
15:32.29	2	1487	1487	1487	1487	1487	1487	1487	1487	5907.88
15:32.36	2	1507	1507	1507	1507	1507	1507	1507	1507	6560.72
15:32.45	2	1527	1527	1527	1527	1527	1527	1527	1527	7215.24
15:32.53	2	1547	1547	1547	1547	1547	1547	1547	1547	7869.76
15:33.11	2	1567	1567	1567	1567	1567	1567	1567	1567	8524.26
15:38.13	1	1568	1568	1568	1568	1568	1568	1568	1568	0
15:38.29	1	1588	1588	1588	1588	1588	1588	1588	1588	50901.11
15:38.33	1	1608	1608	1608	1608	1608	1608	1608	1608	-415.51
15:38.38	1	1628	1628	1628	1628	1628	1628	1628	1628	12.5
15:38.44	1	1648	1648	1648	1648	1648	1648	1648	1648	670.03
15:38.53	1	1668	1668	1668	1668	1668	1668	1668	1668	1324.53
15:38.59	1	1688	1688	1688	1688	1688	1688	1688	1688	1984.18
15:42.26	1	1689	1689	1689	1689	1689	1689	1689	1689	0
15:42.36	1	1709	1709	1709	1709	1709	1709	1709	1709	50901.11
15:42.42	1	1729	1729	1729	1729	1729	1729	1729	1729	-415.51
15:43.03	1	1749	1749	1749	1749	1749	1749	1749	1749	12.5
15:43.12	1	1769	1769	1769	1769	1769	1769	1769	1769	670.03
15:43.32	1	1789	1789	1789	1789	1789	1789	1789	1789	1324.53
15:43.49	1	1809	1809	1809	1809	1809	1809	1809	1809	1984.18
15:44.03	1	1829	1829	1829	1829	1829	1829	1829	1829	2633.58
16:15.18	1	1830	1830	1830	1830	1830	1830	1830	1830	0
16:15.39	1	1850	1850	1850	1850	1850	1850	1850	1850	50901.11
16:16.01	1	1870	1870	1870	1870	1870	1870	1870	1870	-415.51
16:16.08	1	1890	1890	1890	1890	1890	1890	1890	1890	12.5
16:16.22	1	1910	1910	1910	1910	1910	1910	1910	1910	670.03
16:16.24	1	1930	1930	1930	1930	1930	1930	1930	1930	1324.53
16:16.27	1	1950	1950	1950	1950	1950	1950	1950	1950	1984.18
16:21.34	1	1951	1951	1951	1951	1951	1951	1951	1951	0
16:21.37	1	1971	1971	1971	1971	1971	1971	1971	1971	50901.11
16:21.43	1	1991	1991	1991	1991	1991	1991	1991	1991	-415.51
16:21.50	2	2011	2011	2011	2011	2011	2011	2011	2011	12.5
16:21.59	2	2031	2031	2031	2031	2031	2031	2031	2031	670.03
16:22.06	2	2051	2051	2051	2051	2051	2051	2051	2051	1324.53
16:22.13	2	2071	2071	2071	2071	2071	2071	2071	2071	1984.18
16:22.24	2	2091	2091	2091	2091	2091	2091	2091	2091	2633.58
16:22.31	2	2111	2111	2111	2111	2111	2111	2111	2111	3288.07
16:22.53	2	2131	2131	2131	2131	2131	2131	2131	2131	3946.44
16:23.00	2	2151	2151	2151	2151	2151	2151	2151	2151	4600.55
16:23.18	2	2171	2171	2171	2171	2171	2171	2171	2171	5255.08
16:23.29	2	2191	2191	2191	2191	2191	2191	2191	2191	5907.88
16:23.37	2	2211	2211	2211	2211	2211	2211	2211	2211	6560.72
16:23.48	2	2231	2231	2231	2231	2231	2231	2231	2231	7215.24
16:23.56	2	2251	2251	2251	2251	2251	2251	2251	2251	7869.76
16:24.10	2	2271	2271	2271	2271	2271	2271	2271	2271	8524.26
16:24.22	2	2291	2291	2291	2291	2291	2291	2291	2291	9180.48
16:24.33	2	2311	2311	2311	2311	2311	2311	2311	2311	9843.53
16:24.41	2	2331	2331	2331	2331	2331	2331	2331	2331	10499.75
16:28.34	1	2332	2332	2332	2332	2332	2332	2332	2332	0
16:28.51	1	2352	2352	2352	2352	2352	2352	2352	2352	50901.11
16:29.02	1	2372	2372	2372	2372	2372	2372	2372	2372	-415.51
16:29.10	2	2392	2392	2392	2392	2392	2392	2392	2392	12.5
16:29.18	2	2412	2412	2412	2412	2412	2412	2412	2412	670.03
16:29.26	2	2432	2432	2432	2432	2432	2432	2432	2432	1324.53
16:29.33	2	2452	2452	2452	2452	2452	2452	2452	2452	1984.18
16:29.40	2	2472	2472	2472	2472	2472	2472	2472	2472	2633.58
16:29.50	2	2492	2492	2492	2492	2492	2492	2492	2492	3288.07
16:29.59	2	2512	2512	2512	2512	2512	2512	2512	2512	3946.44
16:30.20	2	2532	2532	2532	2532	2532	2532	2532	2532	4600.55
16:30.28	2	2552	2552	2552	2552	2552	2552	2552	2552	5255.08
16:30.35	2	2572	2572	2572	2572	2572	2572	2572	2572	5907.88
16:30.43	2	2592	2592	2592	2592	2592	2592	2592	2592	6560.72
16:31.00	2	2612	2612	2612	2612	2612	2612	2612	2612	7215.24
16:31.09	2	2632	2632	2632	2632	2632	2632	2632	2632	7869.76
16:31.15	2	2652	2652	2652	2652	2652	2652	2652	2652	8524.26
16:31.26	2	2672	2672	2672	2672	2672	2672	2672	2672	9180.48
16:31.33	2	2692	2692	2692	2692	2692	2692	2692	2692	9843.53
16:31.45	2	2712	2712	2712	2712	2712	2712	2712	2712	10499.75
16:31.53	2	2732	2732	2732	2732	2732	2732	2732	2732	11149.15
16:32.01	2	2752	2752	2752	2752	2752	2752	2752	2752	11801.93
16:39.52	1	2753	2753	2753	2753	2753	2753	2753	2753	0
16:39.59	1	2773	2773	2773	2773	2773	2773	2773	2773	50901.11
16:40.17	1	2793	2793	2793	2793	2793	2793	2793	2793	-415.51
16:40.28	2	2813	2813	2813	2813	2813	2813	2813	2813	12.5
16:40.35	2	2833	2833	2833	2833	2833	2833	2833	2833	670.03
16:40.56	2	2853	2853	2853	2853	2853	2853	2853	2853	1324.53
16:41.03	2	2873	2873	2873	2873	2873	2873	2873	2873	1984.18
16:41.36	2	2893	2893	2893	2893	2893	2893	2893	2893	2633.58
16:41.56	2	2913	2913	2913	2913	2913	2913	2913	2913	3288.07
16:42.12	2	2933	2933	2933	2933	2933	2933	2933	2933	3946.44
16:42.26	2	2953	2953	2953	2953	2953	2953	2953	2953	4600.55
16:42.33	2	2973	2973	2973	2973	2973	2973	2973	2973	5255.08
16:42.44	2	2993	2993	2993	2993	2993	2993	2993	2993	5907.88
16:42.53	2	3013	3013	3013	3013	3013	3013	3013	3013	6560.72
16:43.01	2	3033	3033	3033	3033	3033	3033	3033	3033	7215.24
16:43.10	2	3053	3053	3053	3053	3053	3053	3053	3053	7869.76
16:43.21	2	3073	3073	3073	3073	3073	3073	3073	3073	8524.26
16:43.32	2	3093	3093	3093	3093	3093	3093	3093	3093	9180.48
16:55.50	1	3094	3094	3094	3094	3094	3094	3094	3094	0
16:56.00	1	3114	3114	3114	3114	3114	3114	3114	3114	50901.11
16:56.13	1	3134	3134	3134	3134	3134	3134	3134	3134	-415.51
16:56.23	2	3154	3154	3154	3154	3154	3154	3154	3154	12.5
16:56.32	2	3174	3174	3174	3174	3174	3174	3174	3174	670.03
16:56.42	2	3194	3194	3194	3194	3194	3194	3194	3194	1324.53
16:56.54	2	3214	3214	3214	3214	3214	3214	3214	3214	1984.18
16:57.04	2	3234	3234	3234	3234	3234	3234	3234	3234	2633.58
16:57.14	2	3254	3254	3254	3254	3254	3254	3254	3254	3288.07
16:57.28	2	3274	3274	3274	3274	3274	3274	3274	3274	3946.44
16:57.47	2	3294	3294	3294	3294	3294	3294	3294	3294	4600.55
16:57.59	2	3314	3314	3314	3314	3314	3314	3314	3314	5255.08
16:58.06	2	3334	3334	3334	3334	3334	3334	3334	3334	5907.88
16:58.24	2	3354	3354	3354	3354	3354	3354	3354	3354	6560.72
16:58.42	2	3374	3374	3374	3374	3374	3374	3374	3374	7215.24
16:59.02	2	3394	3394	3394	3394	3394	3394	3394	3394	7869.76
16:59.23	2	3414	3414	3414	3414	3414	3414	3414	3414	8524.26
16:59.41	2	3434	3434	3434	3434	3434	3434	3434	3434	9180.48
