================================= TCP01 - Realtime Index Tracker =============================
Time		Layer#	T1Row	T2Row	T3Row	T4Row	T5Row	T6Row	T7Row	T8Row	EstPos
----------------------------------------------------------------------------------------------
07:27.05	0.0	2	2	2	2	2	2	2	2	0.0
07:27.12	0.0	3	3	3	3	3	3	3	3	0.0
07:27.18	1.0	4	4	4	4	4	4	4	4	50581.53
07:27.26	1.0	5	5	5	5	5	5	5	5	50581.53
07:27.32	1.0	6	6	6	6	6	6	6	6	50581.53
07:27.40	1.0	7	7	7	7	7	7	7	7	50581.53
07:27.50	1.0	8	8	8	8	8	8	8	8	50581.53
07:27.57	1.0	9	9	9	9	9	9	9	9	50581.53
07:28.09	1.0	10	10	10	10	10	10	10	10	50581.53
07:28.20	1.0	11	11	11	11	11	11	11	11	50581.53
07:28.29	1.0	12	12	12	12	12	12	12	12	50581.53
07:28.40	1.0	13	13	13	13	13	13	13	13	50581.53
07:28.49	1.0	14	14	14	14	14	14	14	14	50581.53
07:28.56	1.0	15	15	15	15	15	15	15	15	50581.53
07:29.15	1.0	16	16	16	16	16	16	16	16	50581.53
07:29.26	1.0	17	17	17	17	17	17	17	17	50581.53
07:31.13	1.0	18	18	18	18	18	18	18	18	50581.53
14:48.00	0.0	20	20	20	20	20	20	20	20	0.0
14:48.06	0.0	21	21	21	21	21	21	21	21	0.0
14:48.13	1.0	22	22	22	22	22	22	22	22	50581.53
14:48.41	1.0	23	23	23	23	23	23	23	23	50581.53
14:48.47	1.0	24	24	24	24	24	24	24	24	50581.53
14:48.56	1.0	25	25	25	25	25	25	25	25	50581.53
14:49.04	1.0	26	26	26	26	26	26	26	26	50581.53
14:49.14	1.0	27	27	27	27	27	27	27	27	50581.53
14:49.22	1.0	28	28	28	28	28	28	28	28	50581.53
14:49.28	1.0	29	29	29	29	29	29	29	29	50581.53
14:49.55	1.0	30	30	30	30	30	30	30	30	50581.53
14:50.01	1.0	31	31	31	31	31	31	31	31	50581.53
14:50.10	1.0	32	32	32	32	32	32	32	32	50581.53
14:50.18	1.0	33	33	33	33	33	33	33	33	50581.53
14:50.28	1.0	34	34	34	34	34	34	34	34	50581.53
14:50.36	1.0	35	35	35	35	35	35	35	35	50581.53
14:50.47	1.0	36	36	36	36	36	36	36	36	50581.53
14:50.55	1.0	37	37	37	37	37	37	37	37	50581.53
14:51.10	1.0	38	38	38	38	38	38	38	38	50581.53
14:51.31	1.0	39	39	39	39	39	39	39	39	50581.53
14:51.47	1.0	40	40	40	40	40	40	40	40	50581.53
14:51.58	1.0	41	41	41	41	41	41	41	41	50581.53
14:52.06	1.0	42	42	42	42	42	42	42	42	50581.53
14:52.17	1.0	43	43	43	43	43	43	43	43	50581.53
14:52.24	1.0	44	44	44	44	44	44	44	44	50581.53
14:52.31	1.0	45	45	45	45	45	45	45	45	50581.53
14:52.42	1.0	46	46	46	46	46	46	46	46	50581.53
14:52.52	1.0	47	47	47	47	47	47	47	47	50581.53
14:53.02	1.0	48	48	48	48	48	48	48	48	50581.53
14:53.09	1.0	49	49	49	49	49	49	49	49	50581.53
14:53.24	1.0	50	50	50	50	50	50	50	50	50581.53
14:53.35	1.0	51	51	51	51	51	51	51	51	50581.53
14:53.43	1.0	52	52	52	52	52	52	52	52	50581.53
14:53.51	1.0	53	53	53	53	53	53	53	53	50581.53
14:54.03	1.0	54	54	54	54	54	54	54	54	50581.53
14:54.12	1.0	55	55	55	55	55	55	55	55	50581.53
14:54.22	1.0	56	56	56	56	56	56	56	56	50581.53
14:54.39	1.0	57	57	57	57	57	57	57	57	50581.53
14:54.50	1.0	58	58	58	58	58	58	58	58	50581.53
14:55.00	1.0	59	59	59	59	59	59	59	59	50581.53
14:55.08	1.0	60	60	60	60	60	60	60	60	50581.53
14:55.18	1.0	61	61	61	61	61	61	61	61	50581.53
14:55.43	1.0	62	62	62	62	62	62	62	62	50581.53
14:55.52	1.0	63	63	63	63	63	63	63	63	50581.53
14:55.58	1.0	64	64	64	64	64	64	64	64	50581.53
14:56.07	1.0	65	65	65	65	65	65	65	65	50581.53
14:56.21	1.0	66	66	66	66	66	66	66	66	50581.53
14:56.29	1.0	67	67	67	67	67	67	67	67	50581.53
14:56.42	1.0	68	68	68	68	68	68	68	68	50581.53
14:56.54	1.0	69	69	69	69	69	69	69	69	50581.53
14:57.04	1.0	70	70	70	70	70	70	70	70	50581.53
14:57.15	1.0	71	71	71	71	71	71	71	71	50581.53
14:57.23	1.0	72	72	72	72	72	72	72	72	50581.53
14:57.33	1.0	73	73	73	73	73	73	73	73	50581.53
14:57.50	1.0	74	74	74	74	74	74	74	74	50581.53
14:57.57	1.0	75	75	75	75	75	75	75	75	50581.53
14:58.07	1.0	76	76	76	76	76	76	76	76	50581.53
14:58.14	1.0	77	77	77	77	77	77	77	77	50581.53
14:58.35	1.0	78	78	78	78	78	78	78	78	50581.53
14:58.44	1.0	79	79	79	79	79	79	79	79	50581.53
14:58.53	1.0	80	80	80	80	80	80	80	80	50581.53
14:59.03	1.0	81	81	81	81	81	81	81	81	50581.53
14:59.10	1.0	82	82	82	82	82	82	82	82	50581.53
14:59.26	1.0	83	83	83	83	83	83	83	83	50581.53
14:59.36	1.0	84	84	84	84	84	84	84	84	50581.53
14:59.43	1.0	85	85	85	85	85	85	85	85	50581.53
15:00.00	1.0	86	86	86	86	86	86	86	86	50581.53
15:00.13	1.0	87	87	87	87	87	87	87	87	50581.53
15:00.28	1.0	88	88	88	88	88	88	88	88	50581.53
15:00.45	1.0	89	89	89	89	89	89	89	89	50581.53
15:00.53	1.0	90	90	90	90	90	90	90	90	50581.53
15:01.06	1.0	91	91	91	91	91	91	91	91	50581.53
15:01.16	1.0	92	92	92	92	92	92	92	92	50581.53
15:01.23	1.0	93	93	93	93	93	93	93	93	50581.53
15:01.33	1.0	94	94	94	94	94	94	94	94	50581.53
15:01.41	1.0	95	95	95	95	95	95	95	95	50581.53
15:01.55	1.0	96	96	96	96	96	96	96	96	50581.53
15:02.06	1.0	97	97	97	97	97	97	97	97	50581.53
15:02.16	1.0	98	98	98	98	98	98	98	98	50581.53
15:02.27	1.0	99	99	99	99	99	99	99	99	50581.53
15:02.37	1.0	100	100	100	100	100	100	100	100	50581.53
15:02.49	1.0	101	101	101	101	101	101	101	101	50581.53
15:03.03	1.0	102	102	102	102	102	102	102	102	50581.53
15:03.11	1.0	103	103	103	103	103	103	103	103	50581.53
15:03.22	1.0	104	104	104	104	104	104	104	104	50581.53
15:03.32	1.0	105	105	105	105	105	105	105	105	50581.53
15:03.40	1.0	106	106	106	106	106	106	106	106	50581.53
15:03.51	1.0	107	107	107	107	107	107	107	107	50581.53
15:03.58	1.0	108	108	108	108	108	108	108	108	50581.53
15:04.09	1.0	109	109	109	109	109	109	109	109	50581.53
15:04.20	1.0	110	110	110	110	110	110	110	110	50581.53
15:04.30	1.0	111	111	111	111	111	111	111	111	50581.53
15:04.42	1.0	112	112	112	112	112	112	112	112	50581.53
15:04.51	1.0	113	113	113	113	113	113	113	113	50581.53
15:05.01	1.0	114	114	114	114	114	114	114	114	50581.53
15:05.10	1.0	115	115	115	115	115	115	115	115	50581.53
15:05.22	1.0	116	116	116	116	116	116	116	116	50581.53
15:05.33	1.0	117	117	117	117	117	117	117	117	50581.53
15:05.41	1.0	118	118	118	118	118	118	118	118	50581.53
15:05.51	1.0	119	119	119	119	119	119	119	119	50581.53
15:05.58	1.0	120	120	120	120	120	120	120	120	50581.53
15:06.21	1.0	121	121	121	121	121	121	121	121	50581.53
15:06.29	1.0	122	122	122	122	122	122	122	122	50581.53
01:47.56	0.0	124	124	124	124	124	124	124	124	0.0
01:48.02	0.0	125	125	125	125	125	125	125	125	0.0
01:48.13	1.0	126	126	126	126	126	126	126	126	50581.53
01:48.22	1.0	127	127	127	127	127	127	127	127	50581.53
01:48.35	1.0	128	128	128	128	128	128	128	128	50581.53
01:48.46	1.0	129	129	129	129	129	129	129	129	50581.53
01:48.54	1.0	130	130	130	130	130	130	130	130	50581.53
01:49.06	1.0	131	131	131	131	131	131	131	131	50581.53
01:49.15	1.0	132	132	132	132	132	132	132	132	50581.53
01:49.27	1.0	133	133	133	133	133	133	133	133	50581.53
01:49.40	1.0	134	134	134	134	134	134	134	134	50581.53
01:49.48	1.0	135	135	135	135	135	135	135	135	50581.53
01:50.03	1.0	136	136	136	136	136	136	136	136	50581.53
01:50.10	1.0	137	137	137	137	137	137	137	137	50581.53
01:50.22	1.0	138	138	138	138	138	138	138	138	50581.53
01:50.34	1.0	139	139	139	139	139	139	139	139	50581.53
01:50.43	1.0	140	140	140	140	140	140	140	140	50581.53
01:50.56	1.0	141	141	141	141	141	141	141	141	50581.53
01:51.08	1.0	142	142	142	142	142	142	142	142	50581.53
01:51.16	1.0	143	143	143	143	143	143	143	143	50581.53
01:51.29	1.0	144	144	144	144	144	144	144	144	50581.53
01:51.42	1.0	145	145	145	145	145	145	145	145	50581.53
01:51.55	1.0	146	146	146	146	146	146	146	146	50581.53
01:52.04	1.0	147	147	147	147	147	147	147	147	50581.53
01:52.22	1.0	148	148	148	148	148	148	148	148	50581.53
01:52.37	1.0	149	149	149	149	149	149	149	149	50581.53
01:52.48	1.0	150	150	150	150	150	150	150	150	50581.53
01:52.59	1.0	151	151	151	151	151	151	151	151	50581.53
01:53.08	1.0	152	152	152	152	152	152	152	152	50581.53
01:53.25	1.0	153	153	153	153	153	153	153	153	50581.53
01:53.37	1.0	154	154	154	154	154	154	154	154	50581.53
01:53.45	1.0	155	155	155	155	155	155	155	155	50581.53
01:53.57	1.0	156	156	156	156	156	156	156	156	50581.53
01:54.10	1.0	157	157	157	157	157	157	157	157	50581.53
01:54.19	1.0	158	158	158	158	158	158	158	158	50581.53
01:54.31	1.0	159	159	159	159	159	159	159	159	50581.53
01:54.42	1.0	160	160	160	160	160	160	160	160	50581.53
01:54.51	1.0	161	161	161	161	161	161	161	161	50581.53
01:55.04	1.0	162	162	162	162	162	162	162	162	50581.53
01:55.12	1.0	163	163	163	163	163	163	163	163	50581.53
01:55.26	1.0	164	164	164	164	164	164	164	164	50581.53
01:55.39	1.0	165	165	165	165	165	165	165	165	50581.53
01:55.47	1.0	166	166	166	166	166	166	166	166	50581.53
01:55.58	1.0	167	167	167	167	167	167	167	167	50581.53
01:56.11	1.0	168	168	168	168	168	168	168	168	50581.53
01:56.20	1.0	169	169	169	169	169	169	169	169	50581.53
01:56.31	1.0	170	170	170	170	170	170	170	170	50581.53
01:56.43	1.0	171	171	171	171	171	171	171	171	50581.53
01:56.53	1.0	172	172	172	172	172	172	172	172	50581.53
01:57.05	1.0	173	173	173	173	173	173	173	173	50581.53
01:57.17	1.0	174	174	174	174	174	174	174	174	50581.53
01:57.25	1.0	175	175	175	175	175	175	175	175	50581.53
01:57.37	1.0	176	176	176	176	176	176	176	176	50581.53
01:57.49	1.0	177	177	177	177	177	177	177	177	50581.53
01:57.58	1.0	178	178	178	178	178	178	178	178	50581.53
01:58.10	1.0	179	179	179	179	179	179	179	179	50581.53
01:58.21	1.0	180	180	180	180	180	180	180	180	50581.53
01:58.30	1.0	181	181	181	181	181	181	181	181	50581.53
01:58.42	1.0	182	182	182	182	182	182	182	182	50581.53
01:58.52	1.0	183	183	183	183	183	183	183	183	50581.53
01:59.10	1.0	184	184	184	184	184	184	184	184	50581.53
01:59.21	1.0	185	185	185	185	185	185	185	185	50581.53
01:59.30	1.0	186	186	186	186	186	186	186	186	50581.53
01:59.41	1.0	187	187	187	187	187	187	187	187	50581.53
01:59.55	1.0	188	188	188	188	188	188	188	188	50581.53
02:00.07	1.0	189	189	189	189	189	189	189	189	50581.53
02:00.16	1.0	190	190	190	190	190	190	190	190	50581.53
02:00.29	1.0	191	191	191	191	191	191	191	191	50581.53
02:00.45	1.0	192	192	192	192	192	192	192	192	50581.53
02:00.57	1.0	193	193	193	193	193	193	193	193	50581.53
02:01.06	1.0	194	194	194	194	194	194	194	194	50581.53
02:01.18	1.0	195	195	195	195	195	195	195	195	50581.53
02:01.26	1.0	196	196	196	196	196	196	196	196	50581.53
02:01.38	1.0	197	197	197	197	197	197	197	197	50581.53
02:01.50	1.0	198	198	198	198	198	198	198	198	50581.53
02:01.59	1.0	199	199	199	199	199	199	199	199	50581.53
02:02.14	1.0	200	200	200	200	200	200	200	200	50581.53
02:02.26	1.0	201	201	201	201	201	201	201	201	50581.53
02:02.39	1.0	202	202	202	202	202	202	202	202	50581.53
02:02.48	1.0	203	203	203	203	203	203	203	203	50581.53
02:03.00	1.0	204	204	204	204	204	204	204	204	50581.53
02:03.09	1.0	205	205	205	205	205	205	205	205	50581.53
02:03.20	1.0	206	206	206	206	206	206	206	206	50581.53
02:03.32	1.0	207	207	207	207	207	207	207	207	50581.53
02:03.41	1.0	208	208	208	208	208	208	208	208	50581.53
02:03.58	1.0	209	209	209	209	209	209	209	209	50581.53
02:04.16	1.0	210	210	210	210	210	210	210	210	50581.53
02:04.28	1.0	211	211	211	211	211	211	211	211	50581.53
02:04.42	1.0	212	212	212	212	212	212	212	212	50581.53
02:04.54	1.0	213	213	213	213	213	213	213	213	50581.53
02:05.03	1.0	214	214	214	214	214	214	214	214	50581.53
02:05.12	1.0	215	215	215	215	215	215	215	215	50581.53
02:05.24	1.0	216	216	216	216	216	216	216	216	50581.53
02:05.37	1.0	217	217	217	217	217	217	217	217	50581.53
02:05.46	1.0	218	218	218	218	218	218	218	218	50581.53
02:05.59	1.0	219	219	219	219	219	219	219	219	50581.53
02:06.13	1.0	220	220	220	220	220	220	220	220	50581.53
02:06.26	1.0	221	221	221	221	221	221	221	221	50581.53
02:06.35	1.0	222	222	222	222	222	222	222	222	50581.53
02:10.27	0.0	224	224	224	224	224	224	224	224	0.0
02:10.33	0.0	225	225	225	225	225	225	225	225	0.0
02:10.38	1.0	226	226	226	226	226	226	226	226	50581.53
02:10.46	1.0	227	227	227	227	227	227	227	227	50581.53
02:10.51	1.0	228	228	228	228	228	228	228	228	50581.53
02:10.55	1.0	229	229	229	229	229	229	229	229	50581.53
02:11.00	1.0	230	230	230	230	230	230	230	230	50581.53
02:11.09	1.0	231	231	231	231	231	231	231	231	50581.53
02:11.13	1.0	232	232	232	232	232	232	232	232	50581.53
02:11.23	1.0	233	233	233	233	233	233	233	233	50581.53
02:11.27	1.0	234	234	234	234	234	234	234	234	50581.53
02:11.33	1.0	235	235	235	235	235	235	235	235	50581.53
02:11.41	1.0	236	236	236	236	236	236	236	236	50581.53
02:11.47	1.0	237	237	237	237	237	237	237	237	50581.53
02:11.52	1.0	238	238	238	238	238	238	238	238	50581.53
02:11.59	1.0	239	239	239	239	239	239	239	239	50581.53
02:12.05	1.0	240	240	240	240	240	240	240	240	50581.53
02:12.09	1.0	241	241	241	241	241	241	241	241	50581.53
02:12.17	1.0	242	242	242	242	242	242	242	242	50581.53
02:12.22	1.0	243	243	243	243	243	243	243	243	50581.53
02:12.29	1.0	244	244	244	244	244	244	244	244	50581.53
02:12.35	1.0	245	245	245	245	245	245	245	245	50581.53
02:12.40	1.0	246	246	246	246	246	246	246	246	50581.53
02:12.49	1.0	247	247	247	247	247	247	247	247	50581.53
02:12.54	1.0	248	248	248	248	248	248	248	248	50581.53
02:13.02	1.0	249	249	249	249	249	249	249	249	50581.53
02:13.07	1.0	250	250	250	250	250	250	250	250	50581.53
02:13.12	1.0	251	251	251	251	251	251	251	251	50581.53
02:13.22	1.0	252	252	252	252	252	252	252	252	50581.53
02:13.26	1.0	253	253	253	253	253	253	253	253	50581.53
02:13.36	1.0	254	254	254	254	254	254	254	254	50581.53
02:13.41	1.0	255	255	255	255	255	255	255	255	50581.53
02:13.50	1.0	256	256	256	256	256	256	256	256	50581.53
02:13.55	1.0	257	257	257	257	257	257	257	257	50581.53
02:14.01	1.0	258	258	258	258	258	258	258	258	50581.53
02:14.10	1.0	259	259	259	259	259	259	259	259	50581.53
02:14.15	1.0	260	260	260	260	260	260	260	260	50581.53
02:14.24	1.0	261	261	261	261	261	261	261	261	50581.53
02:14.30	1.0	262	262	262	262	262	262	262	262	50581.53
02:14.39	1.0	263	263	263	263	263	263	263	263	50581.53
02:14.44	1.0	264	264	264	264	264	264	264	264	50581.53
02:14.50	1.0	265	265	265	265	265	265	265	265	50581.53
02:14.58	1.0	266	266	266	266	266	266	266	266	50581.53
02:15.04	1.0	267	267	267	267	267	267	267	267	50581.53
02:15.12	1.0	268	268	268	268	268	268	268	268	50581.53
02:15.18	1.0	269	269	269	269	269	269	269	269	50581.53
02:15.23	1.0	270	270	270	270	270	270	270	270	50581.53
02:15.31	1.0	271	271	271	271	271	271	271	271	50581.53
02:15.36	1.0	272	272	272	272	272	272	272	272	50581.53
02:15.44	1.0	273	273	273	273	273	273	273	273	50581.53
02:15.50	1.0	274	274	274	274	274	274	274	274	50581.53
02:15.55	1.0	275	275	275	275	275	275	275	275	50581.53
02:16.10	1.0	276	276	276	276	276	276	276	276	50581.53
02:16.20	1.0	277	277	277	277	277	277	277	277	50581.53
02:16.25	1.0	278	278	278	278	278	278	278	278	50581.53
02:16.33	1.0	279	279	279	279	279	279	279	279	50581.53
02:16.38	1.0	280	280	280	280	280	280	280	280	50581.53
02:16.43	1.0	281	281	281	281	281	281	281	281	50581.53
02:16.51	1.0	282	282	282	282	282	282	282	282	50581.53
02:16.57	1.0	283	283	283	283	283	283	283	283	50581.53
02:17.05	1.0	284	284	284	284	284	284	284	284	50581.53
02:17.10	1.0	285	285	285	285	285	285	285	285	50581.53
02:17.16	1.0	286	286	286	286	286	286	286	286	50581.53
02:17.49	1.0	287	287	287	287	287	287	287	287	50581.53
02:17.58	1.0	288	288	288	288	288	288	288	288	50581.53
02:18.03	1.0	289	289	289	289	289	289	289	289	50581.53
02:18.11	1.0	290	290	290	290	290	290	290	290	50581.53
02:18.18	1.0	291	291	291	291	291	291	291	291	50581.53
02:18.26	1.0	292	292	292	292	292	292	292	292	50581.53
02:18.31	1.0	293	293	293	293	293	293	293	293	50581.53
02:18.36	1.0	294	294	294	294	294	294	294	294	50581.53
02:18.49	1.0	295	295	295	295	295	295	295	295	50581.53
02:18.57	1.0	296	296	296	296	296	296	296	296	50581.53
02:19.03	1.0	297	297	297	297	297	297	297	297	50581.53
02:19.08	1.0	298	298	298	298	298	298	298	298	50581.53
02:19.17	1.0	299	299	299	299	299	299	299	299	50581.53
02:19.22	1.0	300	300	300	300	300	300	300	300	50581.53
02:19.30	1.0	301	301	301	301	301	301	301	301	50581.53
02:19.35	1.0	302	302	302	302	302	302	302	302	50581.53
02:19.40	1.0	303	303	303	303	303	303	303	303	50581.53
02:19.53	1.0	304	304	304	304	304	304	304	304	50581.53
02:19.58	1.0	305	305	305	305	305	305	305	305	50581.53
02:20.07	1.0	306	306	306	306	306	306	306	306	50581.53
02:20.11	1.0	307	307	307	307	307	307	307	307	50581.53
02:20.21	1.0	308	308	308	308	308	308	308	308	50581.53
02:20.26	1.0	309	309	309	309	309	309	309	309	50581.53
02:20.35	1.0	310	310	310	310	310	310	310	310	50581.53
02:20.40	1.0	311	311	311	311	311	311	311	311	50581.53
02:20.46	1.0	312	312	312	312	312	312	312	312	50581.53
02:20.55	1.0	313	313	313	313	313	313	313	313	50581.53
02:21.01	1.0	314	314	314	314	314	314	314	314	50581.53
02:21.10	1.0	315	315	315	315	315	315	315	315	50581.53
02:21.14	1.0	316	316	316	316	316	316	316	316	50581.53
02:21.20	1.0	317	317	317	317	317	317	317	317	50581.53
02:21.29	1.0	318	318	318	318	318	318	318	318	50581.53
02:21.34	1.0	319	319	319	319	319	319	319	319	50581.53
02:21.42	1.0	320	320	320	320	320	320	320	320	50581.53
02:21.48	1.0	321	321	321	321	321	321	321	321	50581.53
02:21.53	1.0	322	322	322	322	322	322	322	322	50581.53
02:22.01	1.0	323	323	323	323	323	323	323	323	50581.53
02:22.06	1.0	324	324	324	324	324	324	324	324	50581.53
02:22.14	1.0	325	325	325	325	325	325	325	325	50581.53
02:22.20	1.0	326	326	326	326	326	326	326	326	50581.53
02:22.25	1.0	327	327	327	327	327	327	327	327	50581.53
02:22.34	1.0	328	328	328	328	328	328	328	328	50581.53
02:22.39	1.0	329	329	329	329	329	329	329	329	50581.53
02:22.44	1.0	330	330	330	330	330	330	330	330	50581.53
02:22.59	1.0	331	331	331	331	331	331	331	331	50581.53
02:23.08	1.0	332	332	332	332	332	332	332	332	50581.53
02:23.14	1.0	333	333	333	333	333	333	333	333	50581.53
02:23.23	1.0	334	334	334	334	334	334	334	334	50581.53
02:23.28	1.0	335	335	335	335	335	335	335	335	50581.53
02:23.34	1.0	336	336	336	336	336	336	336	336	50581.53
02:23.43	1.0	337	337	337	337	337	337	337	337	50581.53
02:23.50	1.0	338	338	338	338	338	338	338	338	50581.53
02:23.59	1.0	339	339	339	339	339	339	339	339	50581.53
02:24.05	1.0	340	340	340	340	340	340	340	340	50581.53
02:24.14	1.0	341	341	341	341	341	341	341	341	50581.53
02:24.20	1.0	342	342	342	342	342	342	342	342	50581.53
02:24.29	1.0	343	343	343	343	343	343	343	343	50581.53
02:24.36	1.0	344	344	344	344	344	344	344	344	50581.53
02:24.41	1.0	345	345	345	345	345	345	345	345	50581.53
02:24.50	1.0	346	346	346	346	346	346	346	346	50581.53
02:24.55	1.0	347	347	347	347	347	347	347	347	50581.53
02:25.11	1.0	348	348	348	348	348	348	348	348	50581.53
02:25.28	1.0	349	349	349	349	349	349	349	349	50581.53
02:25.36	1.0	350	350	350	350	350	350	350	350	50581.53
02:25.41	1.0	351	351	351	351	351	351	351	351	50581.53
02:25.51	1.0	352	352	352	352	352	352	352	352	50581.53
02:25.56	1.0	353	353	353	353	353	353	353	353	50581.53
02:26.05	1.0	354	354	354	354	354	354	354	354	50581.53
02:26.10	1.0	355	355	355	355	355	355	355	355	50581.53
02:26.16	1.0	356	356	356	356	356	356	356	356	50581.53
02:26.25	1.0	357	357	357	357	357	357	357	357	50581.53
02:26.30	1.0	358	358	358	358	358	358	358	358	50581.53
02:26.39	1.0	359	359	359	359	359	359	359	359	50581.53
02:26.44	1.0	360	360	360	360	360	360	360	360	50581.53
02:26.51	1.0	361	361	361	361	361	361	361	361	50581.53
02:26.58	1.0	362	362	362	362	362	362	362	362	50581.53
02:27.04	1.0	363	363	363	363	363	363	363	363	50581.53
02:27.12	1.0	364	364	364	364	364	364	364	364	50581.53
02:27.19	1.0	365	365	365	365	365	365	365	365	50581.53
02:27.26	1.0	366	366	366	366	366	366	366	366	50581.53
02:27.34	1.0	367	367	367	367	367	367	367	367	50581.53
02:27.39	1.0	368	368	368	368	368	368	368	368	50581.53
02:27.53	1.0	369	369	369	369	369	369	369	369	50581.53
02:28.03	1.0	370	370	370	370	370	370	370	370	50581.53
02:28.08	1.0	371	371	371	371	371	371	371	371	50581.53
02:28.16	1.0	372	372	372	372	372	372	372	372	50581.53
02:28.22	1.0	373	373	373	373	373	373	373	373	50581.53
02:28.27	1.0	374	374	374	374	374	374	374	374	50581.53
02:28.34	1.0	375	375	375	375	375	375	375	375	50581.53
02:28.39	1.0	376	376	376	376	376	376	376	376	50581.53
02:28.47	1.0	377	377	377	377	377	377	377	377	50581.53
02:28.52	1.0	378	378	378	378	378	378	378	378	50581.53
02:28.57	1.0	379	379	379	379	379	379	379	379	50581.53
02:29.06	1.0	380	380	380	380	380	380	380	380	50581.53
02:29.11	1.0	381	381	381	381	381	381	381	381	50581.53
02:29.20	1.0	382	382	382	382	382	382	382	382	50581.53
02:29.26	1.0	383	383	383	383	383	383	383	383	50581.53
02:29.35	1.0	384	384	384	384	384	384	384	384	50581.53
02:29.41	1.0	385	385	385	385	385	385	385	385	50581.53
02:29.48	1.0	386	386	386	386	386	386	386	386	50581.53
02:29.57	1.0	387	387	387	387	387	387	387	387	50581.53
02:30.03	1.0	388	388	388	388	388	388	388	388	50581.53
02:30.12	1.0	389	389	389	389	389	389	389	389	50581.53
02:30.19	1.0	390	390	390	390	390	390	390	390	50581.53
02:30.27	1.0	391	391	391	391	391	391	391	391	50581.53
02:30.34	1.0	392	392	392	392	392	392	392	392	50581.53
02:30.43	1.0	393	393	393	393	393	393	393	393	50581.53
02:30.50	1.0	394	394	394	394	394	394	394	394	50581.53
02:30.58	1.0	395	395	395	395	395	395	395	395	50581.53
02:31.06	1.0	396	396	396	396	396	396	396	396	50581.53
02:31.16	1.0	397	397	397	397	397	397	397	397	50581.53
02:31.22	1.0	398	398	398	398	398	398	398	398	50581.53
02:31.30	1.0	399	399	399	399	399	399	399	399	50581.53
02:31.37	1.0	400	400	400	400	400	400	400	400	50581.53
02:31.42	1.0	401	401	401	401	401	401	401	401	50581.53
02:31.51	1.0	402	402	402	402	402	402	402	402	50581.53
02:31.57	1.0	403	403	403	403	403	403	403	403	50581.53
02:32.07	1.0	404	404	404	404	404	404	404	404	50581.53
02:32.12	1.0	405	405	405	405	405	405	405	405	50581.53
02:32.23	1.0	406	406	406	406	406	406	406	406	50581.53
02:32.29	1.0	407	407	407	407	407	407	407	407	50581.53
02:32.35	1.0	408	408	408	408	408	408	408	408	50581.53
02:32.45	1.0	409	409	409	409	409	409	409	409	50581.53
02:32.51	1.0	410	410	410	410	410	410	410	410	50581.53
02:32.59	1.0	411	411	411	411	411	411	411	411	50581.53
02:33.06	1.0	412	412	412	412	412	412	412	412	50581.53
02:33.16	1.0	413	413	413	413	413	413	413	413	50581.53
02:33.22	1.0	414	414	414	414	414	414	414	414	50581.53
02:33.32	1.0	415	415	415	415	415	415	415	415	50581.53
02:33.37	1.0	416	416	416	416	416	416	416	416	50581.53
02:33.43	1.0	417	417	417	417	417	417	417	417	50581.53
02:33.52	1.0	418	418	418	418	418	418	418	418	50581.53
02:33.58	1.0	419	419	419	419	419	419	419	419	50581.53
02:34.07	1.0	420	420	420	420	420	420	420	420	50581.53
02:34.13	1.0	421	421	421	421	421	421	421	421	50581.53
02:34.23	1.0	422	422	422	422	422	422	422	422	50581.53
02:34.29	1.0	423	423	423	423	423	423	423	423	50581.53
02:34.39	1.0	424	424	424	424	424	424	424	424	50581.53
02:34.46	1.0	425	425	425	425	425	425	425	425	50581.53
02:34.55	1.0	426	426	426	426	426	426	426	426	50581.53
02:35.01	1.0	427	427	427	427	427	427	427	427	50581.53
02:35.10	1.0	428	428	428	428	428	428	428	428	50581.53
02:35.16	1.0	429	429	429	429	429	429	429	429	50581.53
02:35.22	1.0	430	430	430	430	430	430	430	430	50581.53
02:35.37	1.0	431	431	431	431	431	431	431	431	50581.53
02:35.46	1.0	432	432	432	432	432	432	432	432	50581.53
02:35.52	1.0	433	433	433	433	433	433	433	433	50581.53
02:36.00	1.0	434	434	434	434	434	434	434	434	50581.53
02:36.07	1.0	435	435	435	435	435	435	435	435	50581.53
02:36.16	1.0	436	436	436	436	436	436	436	436	50581.53
02:36.22	1.0	437	437	437	437	437	437	437	437	50581.53
02:36.28	1.0	438	438	438	438	438	438	438	438	50581.53
02:36.44	1.0	439	439	439	439	439	439	439	439	50581.53
02:36.53	1.0	440	440	440	440	440	440	440	440	50581.53
02:36.59	1.0	441	441	441	441	441	441	441	441	50581.53
02:37.05	1.0	442	442	442	442	442	442	442	442	50581.53
02:37.14	1.0	443	443	443	443	443	443	443	443	50581.53
02:37.22	1.0	444	444	444	444	444	444	444	444	50581.53
02:38.08	1.0	445	445	445	445	445	445	445	445	50581.53
02:38.13	1.0	446	446	446	446	446	446	446	446	50581.53
02:38.22	1.0	447	447	447	447	447	447	447	447	50581.53
02:38.28	1.0	448	448	448	448	448	448	448	448	50581.53
02:38.38	1.0	449	449	449	449	449	449	449	449	50581.53
02:38.44	1.0	450	450	450	450	450	450	450	450	50581.53
02:38.51	1.0	451	451	451	451	451	451	451	451	50581.53
02:39.00	1.0	452	452	452	452	452	452	452	452	50581.53
02:39.06	1.0	453	453	453	453	453	453	453	453	50581.53
02:39.15	1.0	454	454	454	454	454	454	454	454	50581.53
02:39.22	1.0	455	455	455	455	455	455	455	455	50581.53
02:39.28	1.0	456	456	456	456	456	456	456	456	50581.53
02:39.45	1.0	457	457	457	457	457	457	457	457	50581.53
02:39.52	1.0	458	458	458	458	458	458	458	458	50581.53
02:39.58	1.0	459	459	459	459	459	459	459	459	50581.53
02:40.08	1.0	460	460	460	460	460	460	460	460	50581.53
02:40.15	1.0	461	461	461	461	461	461	461	461	50581.53
02:40.24	1.0	462	462	462	462	462	462	462	462	50581.53
02:40.30	1.0	463	463	463	463	463	463	463	463	50581.53
02:40.40	1.0	464	464	464	464	464	464	464	464	50581.53
02:40.47	1.0	465	465	465	465	465	465	465	465	50581.53
02:40.56	1.0	466	466	466	466	466	466	466	466	50581.53
02:41.04	1.0	467	467	467	467	467	467	467	467	50581.53
02:41.13	1.0	468	468	468	468	468	468	468	468	50581.53
02:41.21	1.0	469	469	469	469	469	469	469	469	50581.53
02:41.31	1.0	470	470	470	470	470	470	470	470	50581.53
02:41.37	1.0	471	471	471	471	471	471	471	471	50581.53
02:41.47	1.0	472	472	472	472	472	472	472	472	50581.53
02:41.53	1.0	473	473	473	473	473	473	473	473	50581.53
02:42.03	1.0	474	474	474	474	474	474	474	474	50581.53
02:42.09	1.0	475	475	475	475	475	475	475	475	50581.53
02:42.19	1.0	476	476	476	476	476	476	476	476	50581.53
02:42.25	1.0	477	477	477	477	477	477	477	477	50581.53
02:42.41	1.0	478	478	478	478	478	478	478	478	50581.53
02:42.51	1.0	479	479	479	479	479	479	479	479	50581.53
02:42.57	1.0	480	480	480	480	480	480	480	480	50581.53
02:43.06	1.0	481	481	481	481	481	481	481	481	50581.53
02:43.12	1.0	482	482	482	482	482	482	482	482	50581.53
02:43.23	1.0	483	483	483	483	483	483	483	483	50581.53
02:43.29	1.0	484	484	484	484	484	484	484	484	50581.53
02:43.39	1.0	485	485	485	485	485	485	485	485	50581.53
02:43.45	1.0	486	486	486	486	486	486	486	486	50581.53
02:43.55	1.0	487	487	487	487	487	487	487	487	50581.53
02:44.01	1.0	488	488	488	488	488	488	488	488	50581.53
02:44.07	1.0	489	489	489	489	489	489	489	489	50581.53
02:44.17	1.0	490	490	490	490	490	490	490	490	50581.53
02:44.23	1.0	491	491	491	491	491	491	491	491	50581.53
02:44.38	1.0	492	492	492	492	492	492	492	492	50581.53
02:44.48	1.0	493	493	493	493	493	493	493	493	50581.53
02:44.53	1.0	494	494	494	494	494	494	494	494	50581.53
02:45.02	1.0	495	495	495	495	495	495	495	495	50581.53
02:45.09	1.0	496	496	496	496	496	496	496	496	50581.53
02:45.18	1.0	497	497	497	497	497	497	497	497	50581.53
02:45.25	1.0	498	498	498	498	498	498	498	498	50581.53
02:45.35	1.0	499	499	499	499	499	499	499	499	50581.53
02:45.41	1.0	500	500	500	500	500	500	500	500	50581.53
02:45.50	1.0	501	501	501	501	501	501	501	501	50581.53
02:45.56	1.0	502	502	502	502	502	502	502	502	50581.53
02:46.03	1.0	503	503	503	503	503	503	503	503	50581.53
02:46.12	1.0	504	504	504	504	504	504	504	504	50581.53
02:46.24	1.0	505	505	505	505	505	505	505	505	50581.53
02:46.30	1.0	506	506	506	506	506	506	506	506	50581.53
02:46.36	1.0	507	507	507	507	507	507	507	507	50581.53
02:46.45	1.0	508	508	508	508	508	508	508	508	50581.53
02:46.52	1.0	509	509	509	509	509	509	509	509	50581.53
02:47.00	1.0	510	510	510	510	510	510	510	510	50581.53
02:47.07	1.0	511	511	511	511	511	511	511	511	50581.53
02:47.16	1.0	512	512	512	512	512	512	512	512	50581.53
02:47.22	1.0	513	513	513	513	513	513	513	513	50581.53
02:47.31	1.0	514	514	514	514	514	514	514	514	50581.53
02:47.38	1.0	515	515	515	515	515	515	515	515	50581.53
02:47.43	1.0	516	516	516	516	516	516	516	516	50581.53
02:47.53	1.0	517	517	517	517	517	517	517	517	50581.53
02:47.58	1.0	518	518	518	518	518	518	518	518	50581.53
02:48.13	1.0	519	519	519	519	519	519	519	519	50581.53
02:48.24	1.0	520	520	520	520	520	520	520	520	50581.53
02:48.30	1.0	521	521	521	521	521	521	521	521	50581.53
02:48.40	1.0	522	522	522	522	522	522	522	522	50581.53
02:48.47	1.0	523	523	523	523	523	523	523	523	50581.53
02:48.56	1.0	524	524	524	524	524	524	524	524	50581.53
02:49.04	1.0	525	525	525	525	525	525	525	525	50581.53
02:49.13	1.0	526	526	526	526	526	526	526	526	50581.53
02:49.21	1.0	527	527	527	527	527	527	527	527	50581.53
02:49.30	1.0	528	528	528	528	528	528	528	528	50581.53
02:49.37	1.0	529	529	529	529	529	529	529	529	50581.53
02:49.47	1.0	530	530	530	530	530	530	530	530	50581.53
02:49.53	1.0	531	531	531	531	531	531	531	531	50581.53
02:50.02	1.0	532	532	532	532	532	532	532	532	50581.53
02:50.09	1.0	533	533	533	533	533	533	533	533	50581.53
02:50.18	1.0	534	534	534	534	534	534	534	534	50581.53
02:50.24	1.0	535	535	535	535	535	535	535	535	50581.53
02:50.33	1.0	536	536	536	536	536	536	536	536	50581.53
02:50.39	1.0	537	537	537	537	537	537	537	537	50581.53
02:50.49	1.0	538	538	538	538	538	538	538	538	50581.53
02:50.55	1.0	539	539	539	539	539	539	539	539	50581.53
02:51.04	1.0	540	540	540	540	540	540	540	540	50581.53
02:51.10	1.0	541	541	541	541	541	541	541	541	50581.53
02:51.16	1.0	542	542	542	542	542	542	542	542	50581.53
02:51.27	1.0	543	543	543	543	543	543	543	543	50581.53
02:51.34	1.0	544	544	544	544	544	544	544	544	50581.53
02:51.44	1.0	545	545	545	545	545	545	545	545	50581.53
02:51.51	1.0	546	546	546	546	546	546	546	546	50581.53
02:51.59	1.0	547	547	547	547	547	547	547	547	50581.53
02:52.06	1.0	548	548	548	548	548	548	548	548	50581.53
02:52.15	1.0	549	549	549	549	549	549	549	549	50581.53
02:52.22	1.0	550	550	550	550	550	550	550	550	50581.53
02:52.31	1.0	551	551	551	551	551	551	551	551	50581.53
02:52.37	1.0	552	552	552	552	552	552	552	552	50581.53
02:52.44	1.0	553	553	553	553	553	553	553	553	50581.53
02:52.51	1.0	554	554	554	554	554	554	554	554	50581.53
02:52.57	1.0	555	555	555	555	555	555	555	555	50581.53
02:53.09	1.0	556	556	556	556	556	556	556	556	50581.53
02:53.15	1.0	557	557	557	557	557	557	557	557	50581.53
02:53.25	1.0	558	558	558	558	558	558	558	558	50581.53
02:53.31	1.0	559	559	559	559	559	559	559	559	50581.53
02:53.37	1.0	560	560	560	560	560	560	560	560	50581.53
02:53.46	1.0	561	561	561	561	561	561	561	561	50581.53
02:53.53	1.0	562	562	562	562	562	562	562	562	50581.53
02:54.27	1.0	563	563	563	563	563	563	563	563	50581.53
02:54.36	1.0	564	564	564	564	564	564	564	564	50581.53
02:54.42	1.0	565	565	565	565	565	565	565	565	50581.53
02:54.51	1.0	566	566	566	566	566	566	566	566	50581.53
02:54.58	1.0	567	567	567	567	567	567	567	567	50581.53
02:55.08	1.0	568	568	568	568	568	568	568	568	50581.53
02:55.14	1.0	569	569	569	569	569	569	569	569	50581.53
02:55.27	1.0	570	570	570	570	570	570	570	570	50581.53
02:55.38	1.0	571	571	571	571	571	571	571	571	50581.53
02:55.43	1.0	572	572	572	572	572	572	572	572	50581.53
02:55.56	1.0	573	573	573	573	573	573	573	573	50581.53
02:56.03	1.0	574	574	574	574	574	574	574	574	50581.53
02:56.12	1.0	575	575	575	575	575	575	575	575	50581.53
02:56.20	1.0	576	576	576	576	576	576	576	576	50581.53
02:56.28	1.0	577	577	577	577	577	577	577	577	50581.53
02:56.36	1.0	578	578	578	578	578	578	578	578	50581.53
02:56.47	1.0	579	579	579	579	579	579	579	579	50581.53
02:56.53	1.0	580	580	580	580	580	580	580	580	50581.53
02:57.04	1.0	581	581	581	581	581	581	581	581	50581.53
02:57.14	1.0	582	582	582	582	582	582	582	582	50581.53
02:57.21	1.0	583	583	583	583	583	583	583	583	50581.53
02:57.31	1.0	584	584	584	584	584	584	584	584	50581.53
02:57.38	1.0	585	585	585	585	585	585	585	585	50581.53
02:57.48	1.0	586	586	586	586	586	586	586	586	50581.53
02:57.54	1.0	587	587	587	587	587	587	587	587	50581.53
02:58.04	1.0	588	588	588	588	588	588	588	588	50581.53
02:58.11	1.0	589	589	589	589	589	589	589	589	50581.53
02:58.23	1.0	590	590	590	590	590	590	590	590	50581.53
02:58.29	1.0	591	591	591	591	591	591	591	591	50581.53
02:59.08	1.0	592	592	592	592	592	592	592	592	50581.53
02:59.15	1.0	593	593	593	593	593	593	593	593	50581.53
02:59.26	1.0	594	594	594	594	594	594	594	594	50581.53
02:59.33	1.0	595	595	595	595	595	595	595	595	50581.53
02:59.43	1.0	596	596	596	596	596	596	596	596	50581.53
02:59.51	1.0	597	597	597	597	597	597	597	597	50581.53
03:00.00	1.0	598	598	598	598	598	598	598	598	50581.53
03:00.07	1.0	599	599	599	599	599	599	599	599	50581.53
03:00.17	1.0	600	600	600	600	600	600	600	600	50581.53
03:00.23	1.0	601	601	601	601	601	601	601	601	50581.53
03:00.29	1.0	602	602	602	602	602	602	602	602	50581.53
03:00.46	1.0	603	603	603	603	603	603	603	603	50581.53
03:00.55	1.0	604	604	604	604	604	604	604	604	50581.53
03:01.03	1.0	605	605	605	605	605	605	605	605	50581.53
03:01.19	1.0	606	606	606	606	606	606	606	606	50581.53
03:01.48	1.0	607	607	607	607	607	607	607	607	50581.53
03:02.07	1.0	608	608	608	608	608	608	608	608	50581.53
03:02.21	1.0	609	609	609	609	609	609	609	609	50581.53
03:03.06	1.0	610	610	610	610	610	610	610	610	50581.53
03:03.22	1.0	611	611	611	611	611	611	611	611	50581.53
03:03.39	1.0	612	612	612	612	612	612	612	612	50581.53
03:04.00	1.0	613	613	613	613	613	613	613	613	50581.53
03:04.18	1.0	614	614	614	614	614	614	614	614	50581.53
03:04.42	1.0	615	615	615	615	615	615	615	615	50581.53
03:05.04	1.0	616	616	616	616	616	616	616	616	50581.53
03:05.54	1.0	617	617	617	617	617	617	617	617	50581.53
03:06.19	1.0	618	618	618	618	618	618	618	618	50581.53
03:06.45	1.0	619	619	619	619	619	619	619	619	50581.53
03:07.03	1.0	620	620	620	620	620	620	620	620	50581.53
03:07.23	1.0	621	621	621	621	621	621	621	621	50581.53
03:07.40	1.0	622	622	622	622	622	622	622	622	50581.53
03:07.58	1.0	623	623	623	623	623	623	623	623	50581.53
03:08.17	1.0	624	624	624	624	624	624	624	624	50581.53
03:08.36	1.0	625	625	625	625	625	625	625	625	50581.53
03:09.00	1.0	626	626	626	626	626	626	626	626	50581.53
03:09.20	1.0	627	627	627	627	627	627	627	627	50581.53
03:09.37	1.0	628	628	628	628	628	628	628	628	50581.53
03:09.55	1.0	629	629	629	629	629	629	629	629	50581.53
03:10.18	1.0	630	630	630	630	630	630	630	630	50581.53
03:10.40	1.0	631	631	631	631	631	631	631	631	50581.53
03:11.03	1.0	632	632	632	632	632	632	632	632	50581.53
03:11.21	1.0	633	633	633	633	633	633	633	633	50581.53
03:11.45	1.0	634	634	634	634	634	634	634	634	50581.53
03:12.05	1.0	635	635	635	635	635	635	635	635	50581.53
03:12.24	1.0	636	636	636	636	636	636	636	636	50581.53
03:12.44	1.0	637	637	637	637	637	637	637	637	50581.53
03:13.02	1.0	638	638	638	638	638	638	638	638	50581.53
03:13.25	1.0	639	639	639	639	639	639	639	639	50581.53
03:13.47	1.0	640	640	640	640	640	640	640	640	50581.53
03:14.08	1.0	641	641	641	641	641	641	641	641	50581.53
03:14.28	1.0	642	642	642	642	642	642	642	642	50581.53
03:14.45	1.0	643	643	643	643	643	643	643	643	50581.53
03:15.03	1.0	644	644	644	644	644	644	644	644	50581.53
03:15.21	1.0	645	645	645	645	645	645	645	645	50581.53
03:15.40	1.0	646	646	646	646	646	646	646	646	50581.53
03:15.59	1.0	647	647	647	647	647	647	647	647	50581.53
03:16.26	1.0	648	648	648	648	648	648	648	648	50581.53
03:16.49	1.0	649	649	649	649	649	649	649	649	50581.53
03:17.12	1.0	650	650	650	650	650	650	650	650	50581.53
03:17.26	1.0	651	651	651	651	651	651	651	651	50581.53
03:17.46	1.0	652	652	652	652	652	652	652	652	50581.53
03:18.12	1.0	653	653	653	653	653	653	653	653	50581.53
03:18.34	1.0	654	654	654	654	654	654	654	654	50581.53
03:18.55	1.0	655	655	655	655	655	655	655	655	50581.53
03:19.12	1.0	656	656	656	656	656	656	656	656	50581.53
03:19.36	1.0	657	657	657	657	657	657	657	657	50581.53
03:19.55	1.0	658	658	658	658	658	658	658	658	50581.53
03:20.15	1.0	659	659	659	659	659	659	659	659	50581.53
03:20.36	1.0	660	660	660	660	660	660	660	660	50581.53
03:21.00	1.0	661	661	661	661	661	661	661	661	50581.53
03:21.19	1.0	662	662	662	662	662	662	662	662	50581.53
03:21.40	1.0	663	663	663	663	663	663	663	663	50581.53
03:22.05	1.0	664	664	664	664	664	664	664	664	50581.53
03:22.24	1.0	665	665	665	665	665	665	665	665	50581.53
03:22.41	1.0	666	666	666	666	666	666	666	666	50581.53
03:23.00	1.0	667	667	667	667	667	667	667	667	50581.53
03:23.28	1.0	668	668	668	668	668	668	668	668	50581.53
03:23.45	1.0	669	669	669	669	669	669	669	669	50581.53
03:24.03	1.0	670	670	670	670	670	670	670	670	50581.53
03:24.22	1.0	671	671	671	671	671	671	671	671	50581.53
03:24.40	1.0	672	672	672	672	672	672	672	672	50581.53
03:25.12	1.0	673	673	673	673	673	673	673	673	50581.53
03:25.37	1.0	674	674	674	674	674	674	674	674	50581.53
03:25.56	1.0	675	675	675	675	675	675	675	675	50581.53
03:26.17	1.0	676	676	676	676	676	676	676	676	50581.53
03:26.39	1.0	677	677	677	677	677	677	677	677	50581.53
03:26.59	1.0	678	678	678	678	678	678	678	678	50581.53
03:27.19	1.0	679	679	679	679	679	679	679	679	50581.53
03:27.39	1.0	680	680	680	680	680	680	680	680	50581.53
03:27.57	1.0	681	681	681	681	681	681	681	681	50581.53
03:28.13	1.0	682	682	682	682	682	682	682	682	50581.53
03:28.31	1.0	683	683	683	683	683	683	683	683	50581.53
03:28.54	1.0	684	684	684	684	684	684	684	684	50581.53
03:29.14	1.0	685	685	685	685	685	685	685	685	50581.53
03:29.39	1.0	686	686	686	686	686	686	686	686	50581.53
03:30.03	1.0	687	687	687	687	687	687	687	687	50581.53
03:30.24	1.0	688	688	688	688	688	688	688	688	50581.53
03:30.50	1.0	689	689	689	689	689	689	689	689	50581.53
03:31.10	1.0	690	690	690	690	690	690	690	690	50581.53
03:31.31	1.0	691	691	691	691	691	691	691	691	50581.53
03:31.46	1.0	692	692	692	692	692	692	692	692	50581.53
03:32.06	1.0	693	693	693	693	693	693	693	693	50581.53
03:32.26	1.0	694	694	694	694	694	694	694	694	50581.53
03:32.45	1.0	695	695	695	695	695	695	695	695	50581.53
03:33.05	1.0	696	696	696	696	696	696	696	696	50581.53
10:50.14	0.0	698	698	698	698	698	698	698	698	0.0
10:50.16	0.0	699	699	699	699	699	699	699	699	0.0
10:50.18	1.0	700	700	700	700	700	700	700	700	50581.53
10:50.19	1.0	701	701	701	701	701	701	701	701	50581.53
10:50.20	1.0	702	702	702	702	702	702	702	702	50581.53
10:50.25	1.0	703	703	703	703	703	703	703	703	50581.53
10:50.26	1.0	704	704	704	704	704	704	704	704	50581.53
10:50.28	1.0	705	705	705	705	705	705	705	705	50581.53
10:50.29	1.0	706	706	706	706	706	706	706	706	50581.53
10:50.31	1.0	707	707	707	707	707	707	707	707	50581.53
10:50.32	1.0	708	708	708	708	708	708	708	708	50581.53
10:50.34	1.0	709	709	709	709	709	709	709	709	50581.53
10:50.35	1.0	710	710	710	710	710	710	710	710	50581.53
10:50.36	1.0	711	711	711	711	711	711	711	711	50581.53
10:50.38	1.0	712	712	712	712	712	712	712	712	50581.53
10:50.39	1.0	713	713	713	713	713	713	713	713	50581.53
10:50.41	1.0	714	714	714	714	714	714	714	714	50581.53
10:50.42	1.0	715	715	715	715	715	715	715	715	50581.53
10:50.47	1.0	716	716	716	716	716	716	716	716	50581.53
10:50.48	1.0	717	717	717	717	717	717	717	717	50581.53
10:50.50	1.0	718	718	718	718	718	718	718	718	50581.53
10:50.51	1.0	719	719	719	719	719	719	719	719	50581.53
10:50.53	1.0	720	720	720	720	720	720	720	720	50581.53
10:50.54	1.0	721	721	721	721	721	721	721	721	50581.53
10:50.56	1.0	722	722	722	722	722	722	722	722	50581.53
10:50.57	1.0	723	723	723	723	723	723	723	723	50581.53
10:50.59	1.0	724	724	724	724	724	724	724	724	50581.53
10:51.03	1.0	725	725	725	725	725	725	725	725	50581.53
10:51.05	1.0	726	726	726	726	726	726	726	726	50581.53
10:51.06	1.0	727	727	727	727	727	727	727	727	50581.53
10:51.08	1.0	728	728	728	728	728	728	728	728	50581.53
10:51.09	1.0	729	729	729	729	729	729	729	729	50581.53
10:51.11	1.0	730	730	730	730	730	730	730	730	50581.53
10:51.13	1.0	731	731	731	731	731	731	731	731	50581.53
10:51.14	1.0	732	732	732	732	732	732	732	732	50581.53
10:51.16	1.0	733	733	733	733	733	733	733	733	50581.53
10:51.17	1.0	734	734	734	734	734	734	734	734	50581.53
10:51.21	1.0	735	735	735	735	735	735	735	735	50581.53
10:51.22	1.0	736	736	736	736	736	736	736	736	50581.53
10:51.24	1.0	737	737	737	737	737	737	737	737	50581.53
10:51.25	1.0	738	738	738	738	738	738	738	738	50581.53
10:51.27	1.0	739	739	739	739	739	739	739	739	50581.53
10:51.28	1.0	740	740	740	740	740	740	740	740	50581.53
10:51.30	1.0	741	741	741	741	741	741	741	741	50581.53
10:51.32	1.0	742	742	742	742	742	742	742	742	50581.53
10:51.33	1.0	743	743	743	743	743	743	743	743	50581.53
10:51.34	1.0	744	744	744	744	744	744	744	744	50581.53
10:51.36	1.0	745	745	745	745	745	745	745	745	50581.53
10:51.37	1.0	746	746	746	746	746	746	746	746	50581.53
10:51.41	1.0	747	747	747	747	747	747	747	747	50581.53
10:51.42	1.0	748	748	748	748	748	748	748	748	50581.53
10:51.44	1.0	749	749	749	749	749	749	749	749	50581.53
10:51.45	1.0	750	750	750	750	750	750	750	750	50581.53
10:51.47	1.0	751	751	751	751	751	751	751	751	50581.53
10:51.48	1.0	752	752	752	752	752	752	752	752	50581.53
10:51.50	1.0	753	753	753	753	753	753	753	753	50581.53
10:51.51	1.0	754	754	754	754	754	754	754	754	50581.53
10:51.52	1.0	755	755	755	755	755	755	755	755	50581.53
10:51.54	1.0	756	756	756	756	756	756	756	756	50581.53
10:51.59	1.0	757	757	757	757	757	757	757	757	50581.53
10:52.00	1.0	758	758	758	758	758	758	758	758	50581.53
10:52.02	1.0	759	759	759	759	759	759	759	759	50581.53
10:52.03	1.0	760	760	760	760	760	760	760	760	50581.53
10:52.05	1.0	761	761	761	761	761	761	761	761	50581.53
10:52.06	1.0	762	762	762	762	762	762	762	762	50581.53
10:52.08	1.0	763	763	763	763	763	763	763	763	50581.53
10:52.10	1.0	764	764	764	764	764	764	764	764	50581.53
10:52.12	1.0	765	765	765	765	765	765	765	765	50581.53
10:52.13	1.0	766	766	766	766	766	766	766	766	50581.53
10:52.15	1.0	767	767	767	767	767	767	767	767	50581.53
10:52.16	1.0	768	768	768	768	768	768	768	768	50581.53
10:52.18	1.0	769	769	769	769	769	769	769	769	50581.53
10:52.19	1.0	770	770	770	770	770	770	770	770	50581.53
10:52.21	1.0	771	771	771	771	771	771	771	771	50581.53
10:52.28	1.0	772	772	772	772	772	772	772	772	50581.53
10:52.30	1.0	773	773	773	773	773	773	773	773	50581.53
10:52.32	1.0	774	774	774	774	774	774	774	774	50581.53
10:52.34	1.0	775	775	775	775	775	775	775	775	50581.53
10:52.35	1.0	776	776	776	776	776	776	776	776	50581.53
10:52.37	1.0	777	777	777	777	777	777	777	777	50581.53
10:52.41	1.0	778	778	778	778	778	778	778	778	50581.53
10:52.42	1.0	779	779	779	779	779	779	779	779	50581.53
10:52.44	1.0	780	780	780	780	780	780	780	780	50581.53
10:52.45	1.0	781	781	781	781	781	781	781	781	50581.53
10:52.47	1.0	782	782	782	782	782	782	782	782	50581.53
10:52.48	1.0	783	783	783	783	783	783	783	783	50581.53
10:52.50	1.0	784	784	784	784	784	784	784	784	50581.53
10:52.51	1.0	785	785	785	785	785	785	785	785	50581.53
10:52.52	1.0	786	786	786	786	786	786	786	786	50581.53
10:52.54	1.0	787	787	787	787	787	787	787	787	50581.53
10:52.58	1.0	788	788	788	788	788	788	788	788	50581.53
10:52.59	1.0	789	789	789	789	789	789	789	789	50581.53
10:53.01	1.0	790	790	790	790	790	790	790	790	50581.53
10:53.02	1.0	791	791	791	791	791	791	791	791	50581.53
10:53.03	1.0	792	792	792	792	792	792	792	792	50581.53
10:53.05	1.0	793	793	793	793	793	793	793	793	50581.53
10:53.06	1.0	794	794	794	794	794	794	794	794	50581.53
10:53.08	1.0	795	795	795	795	795	795	795	795	50581.53
10:53.09	1.0	796	796	796	796	796	796	796	796	50581.53
11:20.42	0.0	798	798	798	798	798	798	798	798	0.0
11:20.47	0.0	799	799	799	799	799	799	799	799	0.0
11:20.52	1.0	800	800	800	800	800	800	800	800	50581.53
11:20.57	1.0	801	801	801	801	801	801	801	801	50581.53
11:21.07	1.0	802	802	802	802	802	802	802	802	50581.53
11:21.13	1.0	803	803	803	803	803	803	803	803	50581.53
11:21.19	1.0	804	804	804	804	804	804	804	804	50581.53
11:21.28	1.0	805	805	805	805	805	805	805	805	50581.53
11:21.34	1.0	806	806	806	806	806	806	806	806	50581.53
11:21.43	1.0	807	807	807	807	807	807	807	807	50581.53
11:21.48	1.0	808	808	808	808	808	808	808	808	50581.53
11:22.01	1.0	809	809	809	809	809	809	809	809	50581.53
11:22.08	1.0	810	810	810	810	810	810	810	810	50581.53
11:22.18	1.0	811	811	811	811	811	811	811	811	50581.53
11:22.23	1.0	812	812	812	812	812	812	812	812	50581.53
11:22.32	1.0	813	813	813	813	813	813	813	813	50581.53
11:22.39	1.0	814	814	814	814	814	814	814	814	50581.53
11:22.49	1.0	815	815	815	815	815	815	815	815	50581.53
11:22.55	1.0	816	816	816	816	816	816	816	816	50581.53
11:23.07	1.0	817	817	817	817	817	817	817	817	50581.53
11:23.14	1.0	818	818	818	818	818	818	818	818	50581.53
11:23.24	1.0	819	819	819	819	819	819	819	819	50581.53
11:23.30	1.0	820	820	820	820	820	820	820	820	50581.53
11:23.39	1.0	821	821	821	821	821	821	821	821	50581.53
11:23.45	1.0	822	822	822	822	822	822	822	822	50581.53
11:23.53	1.0	823	823	823	823	823	823	823	823	50581.53
11:23.59	1.0	824	824	824	824	824	824	824	824	50581.53
11:24.05	1.0	825	825	825	825	825	825	825	825	50581.53
11:24.13	1.0	826	826	826	826	826	826	826	826	50581.53
11:24.19	1.0	827	827	827	827	827	827	827	827	50581.53
11:24.25	1.0	828	828	828	828	828	828	828	828	50581.53
11:24.34	1.0	829	829	829	829	829	829	829	829	50581.53
11:24.41	1.0	830	830	830	830	830	830	830	830	50581.53
