================================= TCP01 - Realtime Index Tracker =============================
Time		Layer#	T1Row	T2Row	T3Row	T4Row	T5Row	T6Row	T7Row	T8Row	EstPos
----------------------------------------------------------------------------------------------
14:44.50	1	1	1	1	1	1	1	1	1	N/A
14:44.51	1	31	31	31	31	31	31	31	31	N/A
14:44.53	1	61	61	61	61	61	61	61	61	N/A
14:44.56	1	91	91	91	91	91	91	91	91	N/A
14:44.57	1	121	121	121	121	121	121	121	121	N/A
14:44.59	1	151	151	151	151	151	151	151	151	N/A
14:45.04	1	181	181	181	181	181	181	181	181	N/A
14:45.07	1	211	211	211	211	211	211	211	211	N/A
14:45.10	1	241	241	241	241	241	241	241	241	N/A
14:45.13	1	271	271	271	271	271	271	271	271	N/A
14:45.16	1	301	301	301	301	301	301	301	301	N/A
14:45.19	1	331	331	331	331	331	331	331	331	N/A
14:45.25	1	361	361	361	361	361	361	361	361	N/A
14:45.30	1	391	391	391	391	391	391	391	391	N/A
14:45.33	1	421	421	421	421	421	421	421	421	N/A
14:45.35	1	451	451	451	451	451	451	451	451	N/A
14:45.38	1	481	481	481	481	481	481	481	481	N/A
14:45.41	1	511	511	511	511	511	511	511	511	N/A
14:45.49	1	541	541	541	541	541	541	541	541	N/A
14:45.52	1	571	571	571	571	571	571	571	571	N/A
14:45.54	1	601	601	601	601	601	601	601	601	N/A
14:52.54	1	602	602	602	602	602	602	602	602	N/A
14:52.56	1	632	632	632	632	632	632	632	632	N/A
14:52.58	1	662	662	662	662	662	662	662	662	N/A
14:53.04	1	692	692	692	692	692	692	692	692	N/A
14:53.06	1	722	722	722	722	722	722	722	722	N/A
14:53.09	1	752	752	752	752	752	752	752	752	N/A
14:53.11	1	782	782	782	782	782	782	782	782	N/A
14:53.13	1	812	812	812	812	812	812	812	812	N/A
14:53.15	1	842	842	842	842	842	842	842	842	N/A
14:53.21	1	872	872	872	872	872	872	872	872	N/A
14:53.23	1	902	902	902	902	902	902	902	902	N/A
14:53.25	1	932	932	932	932	932	932	932	932	N/A
14:53.28	1	962	962	962	962	962	962	962	962	N/A
14:53.30	1	992	992	992	992	992	992	992	992	N/A
14:53.33	1	1022	1022	1022	1022	1022	1022	1022	1022	N/A
14:53.45	1	1052	1052	1052	1052	1052	1052	1052	1052	N/A
14:53.47	1	1082	1082	1082	1082	1082	1082	1082	1082	N/A
14:53.50	1	1112	1112	1112	1112	1112	1112	1112	1112	N/A
14:53.56	1	1142	1142	1142	1142	1142	1142	1142	1142	N/A
14:53.59	1	1172	1172	1172	1172	1172	1172	1172	1172	N/A
14:54.03	1	1202	1202	1202	1202	1202	1202	1202	1202	N/A
14:54.27	1	1472	1472	1472	1472	1472	1472	1472	1472	N/A
14:54.31	1	1502	1502	1502	1502	1502	1502	1502	1502	N/A
14:54.34	1	1532	1532	1532	1532	1532	1532	1532	1532	N/A
14:54.40	1	1562	1562	1562	1562	1562	1562	1562	1562	N/A
14:54.44	1	1592	1592	1592	1592	1592	1592	1592	1592	N/A
14:54.49	1	1622	1622	1622	1622	1622	1622	1622	1622	N/A
14:58.33	1	1623	1623	1623	1623	1623	1623	1623	1623	N/A
14:58.34	1	1653	1653	1653	1653	1653	1653	1653	1653	N/A
14:58.36	1	1683	1683	1683	1683	1683	1683	1683	1683	N/A
14:58.38	1	1713	1713	1713	1713	1713	1713	1713	1713	N/A
14:58.39	1	1743	1743	1743	1743	1743	1743	1743	1743	N/A
14:58.40	1	1773	1773	1773	1773	1773	1773	1773	1773	N/A
14:58.42	1	1803	1803	1803	1803	1803	1803	1803	1803	N/A
14:58.46	1	1833	1833	1833	1833	1833	1833	1833	1833	N/A
14:58.49	1	1863	1863	1863	1863	1863	1863	1863	1863	N/A
14:58.52	1	1893	1893	1893	1893	1893	1893	1893	1893	N/A
14:58.54	1	1923	1923	1923	1923	1923	1923	1923	1923	N/A
14:58.56	1	1953	1953	1953	1953	1953	1953	1953	1953	N/A
14:58.58	1	1983	1983	1983	1983	1983	1983	1983	1983	N/A
14:59.03	1	2013	2013	2013	2013	2013	2013	2013	2013	N/A
14:59.05	1	2043	2043	2043	2043	2043	2043	2043	2043	N/A
14:59.08	1	2073	2073	2073	2073	2073	2073	2073	2073	N/A
14:59.11	1	2103	2103	2103	2103	2103	2103	2103	2103	N/A
14:59.13	1	2133	2133	2133	2133	2133	2133	2133	2133	N/A
14:59.19	1	2163	2163	2163	2163	2163	2163	2163	2163	N/A
14:59.21	1	2193	2193	2193	2193	2193	2193	2193	2193	N/A
14:59.24	1	2223	2223	2223	2223	2223	2223	2223	2223	N/A
15:09.35	1	2224	2224	2224	2224	2224	2224	2224	2224	N/A
15:09.37	1	2254	2254	2254	2254	2254	2254	2254	2254	N/A
15:09.38	1	2284	2284	2284	2284	2284	2284	2284	2284	N/A
15:09.39	1	2314	2314	2314	2314	2314	2314	2314	2314	N/A
15:09.40	1	2344	2344	2344	2344	2344	2344	2344	2344	N/A
15:09.42	1	2374	2374	2374	2374	2374	2374	2374	2374	N/A
15:09.44	1	2404	2404	2404	2404	2404	2404	2404	2404	N/A
15:09.45	1	2434	2434	2434	2434	2434	2434	2434	2434	N/A
15:09.47	1	2464	2464	2464	2464	2464	2464	2464	2464	N/A
15:09.52	1	2494	2494	2494	2494	2494	2494	2494	2494	N/A
15:09.54	1	2524	2524	2524	2524	2524	2524	2524	2524	N/A
15:09.55	1	2554	2554	2554	2554	2554	2554	2554	2554	N/A
15:09.57	1	2584	2584	2584	2584	2584	2584	2584	2584	N/A
15:09.59	1	2614	2614	2614	2614	2614	2614	2614	2614	N/A
15:10.01	1	2644	2644	2644	2644	2644	2644	2644	2644	N/A
15:10.02	1	2674	2674	2674	2674	2674	2674	2674	2674	N/A
15:10.07	1	2704	2704	2704	2704	2704	2704	2704	2704	N/A
15:10.09	1	2734	2734	2734	2734	2734	2734	2734	2734	N/A
15:10.11	1	2764	2764	2764	2764	2764	2764	2764	2764	N/A
15:10.13	1	2794	2794	2794	2794	2794	2794	2794	2794	N/A
15:10.15	1	2824	2824	2824	2824	2824	2824	2824	2824	N/A
15:12.06	1	2825	2825	2825	2825	2825	2825	2825	2825	N/A
15:12.08	1	2855	2855	2855	2855	2855	2855	2855	2855	N/A
15:12.12	1	2885	2885	2885	2885	2885	2885	2885	2885	N/A
15:12.14	1	2915	2915	2915	2915	2915	2915	2915	2915	N/A
15:12.16	1	2945	2945	2945	2945	2945	2945	2945	2945	N/A
15:12.18	1	2975	2975	2975	2975	2975	2975	2975	2975	N/A
15:12.21	1	3005	3005	3005	3005	3005	3005	3005	3005	N/A
15:12.24	1	3035	3035	3035	3035	3035	3035	3035	3035	N/A
15:12.29	1	3065	3065	3065	3065	3065	3065	3065	3065	N/A
15:12.32	1	3095	3095	3095	3095	3095	3095	3095	3095	N/A
15:12.35	1	3125	3125	3125	3125	3125	3125	3125	3125	N/A
15:12.38	1	3155	3155	3155	3155	3155	3155	3155	3155	N/A
15:12.40	1	3185	3185	3185	3185	3185	3185	3185	3185	N/A
15:12.41	1	3215	3215	3215	3215	3215	3215	3215	3215	N/A
15:12.44	1	3245	3245	3245	3245	3245	3245	3245	3245	N/A
15:12.50	1	3275	3275	3275	3275	3275	3275	3275	3275	N/A
15:24.47	1	3276	3276	3276	3276	3276	3276	3276	3276	N/A
15:24.47	1	3306	3306	3306	3306	3306	3306	3306	3306	N/A
15:24.48	1	3336	3336	3336	3336	3336	3336	3336	3336	N/A
15:24.48	1	3366	3366	3366	3366	3366	3366	3366	3366	N/A
15:24.49	1	3396	3396	3396	3396	3396	3396	3396	3396	N/A
15:24.49	1	3426	3426	3426	3426	3426	3426	3426	3426	N/A
15:24.50	1	3456	3456	3456	3456	3456	3456	3456	3456	N/A
15:24.51	1	3486	3486	3486	3486	3486	3486	3486	3486	N/A
15:24.51	1	3516	3516	3516	3516	3516	3516	3516	3516	N/A
15:24.52	1	3546	3546	3546	3546	3546	3546	3546	3546	N/A
15:24.52	1	3576	3576	3576	3576	3576	3576	3576	3576	N/A
15:24.53	1	3606	3606	3606	3606	3606	3606	3606	3606	N/A
15:24.54	1	3636	3636	3636	3636	3636	3636	3636	3636	N/A
15:24.55	1	3666	3666	3666	3666	3666	3666	3666	3666	N/A
15:24.56	1	3696	3696	3696	3696	3696	3696	3696	3696	N/A
15:25.00	1	3726	3726	3726	3726	3726	3726	3726	3726	N/A
15:25.01	1	3756	3756	3756	3756	3756	3756	3756	3756	N/A
15:25.02	1	3786	3786	3786	3786	3786	3786	3786	3786	N/A
15:25.03	1	3816	3816	3816	3816	3816	3816	3816	3816	N/A
15:25.04	1	3846	3846	3846	3846	3846	3846	3846	3846	N/A
15:25.05	1	3876	3876	3876	3876	3876	3876	3876	3876	N/A
15:25.12	1	4146	4146	4146	4146	4146	4146	4146	4146	N/A
15:25.13	1	4176	4176	4176	4176	4176	4176	4176	4176	N/A
15:25.14	1	4206	4206	4206	4206	4206	4206	4206	4206	N/A
15:25.25	1	4236	4236	4236	4236	4236	4236	4236	4236	N/A
15:25.26	1	4266	4266	4266	4266	4266	4266	4266	4266	N/A
15:25.27	1	4296	4296	4296	4296	4296	4296	4296	4296	N/A
15:25.28	1	4326	4326	4326	4326	4326	4326	4326	4326	N/A
15:25.29	1	4356	4356	4356	4356	4356	4356	4356	4356	N/A
15:25.34	1	4386	4386	4386	4386	4386	4386	4386	4386	N/A
15:25.35	1	4416	4416	4416	4416	4416	4416	4416	4416	N/A
15:25.37	1	4446	4446	4446	4446	4446	4446	4446	4446	N/A
15:25.38	1	4476	4476	4476	4476	4476	4476	4476	4476	N/A
15:25.39	1	4506	4506	4506	4506	4506	4506	4506	4506	N/A
15:25.40	1	4536	4536	4536	4536	4536	4536	4536	4536	N/A
15:25.41	1	4566	4566	4566	4566	4566	4566	4566	4566	N/A
15:25.43	1	4596	4596	4596	4596	4596	4596	4596	4596	N/A
15:25.44	1	4626	4626	4626	4626	4626	4626	4626	4626	N/A
15:25.44	1	4656	4656	4656	4656	4656	4656	4656	4656	N/A
15:25.46	1	4686	4686	4686	4686	4686	4686	4686	4686	N/A
15:25.48	1	4716	4716	4716	4716	4716	4716	4716	4716	N/A
15:25.53	1	4746	4746	4746	4746	4746	4746	4746	4746	N/A
15:25.55	1	4776	4776	4776	4776	4776	4776	4776	4776	N/A
15:25.56	1	4806	4806	4806	4806	4806	4806	4806	4806	N/A
15:25.58	1	4836	4836	4836	4836	4836	4836	4836	4836	N/A
15:25.59	1	4866	4866	4866	4866	4866	4866	4866	4866	N/A
15:26.01	1	4896	4896	4896	4896	4896	4896	4896	4896	N/A
15:26.03	1	4926	4926	4926	4926	4926	4926	4926	4926	N/A
15:26.04	1	4956	4956	4956	4956	4956	4956	4956	4956	N/A
15:26.06	1	4986	4986	4986	4986	4986	4986	4986	4986	N/A
15:26.11	1	5016	5016	5016	5016	5016	5016	5016	5016	N/A
15:26.13	1	5046	5046	5046	5046	5046	5046	5046	5046	N/A
15:26.15	1	5076	5076	5076	5076	5076	5076	5076	5076	N/A
15:26.17	1	5106	5106	5106	5106	5106	5106	5106	5106	N/A
15:32.48	1	5107	5107	5107	5107	5107	5107	5107	5107	N/A
15:32.49	1	5137	5137	5137	5137	5137	5137	5137	5137	N/A
15:32.49	1	5167	5167	5167	5167	5167	5167	5167	5167	N/A
15:32.50	1	5197	5197	5197	5197	5197	5197	5197	5197	N/A
15:32.50	1	5227	5227	5227	5227	5227	5227	5227	5227	N/A
15:32.51	1	5257	5257	5257	5257	5257	5257	5257	5257	N/A
15:32.51	1	5287	5287	5287	5287	5287	5287	5287	5287	N/A
15:32.52	1	5317	5317	5317	5317	5317	5317	5317	5317	N/A
15:32.53	1	5347	5347	5347	5347	5347	5347	5347	5347	N/A
15:32.53	1	5377	5377	5377	5377	5377	5377	5377	5377	N/A
15:32.54	1	5407	5407	5407	5407	5407	5407	5407	5407	N/A
15:32.54	1	5437	5437	5437	5437	5437	5437	5437	5437	N/A
15:32.55	1	5467	5467	5467	5467	5467	5467	5467	5467	N/A
15:32.56	1	5497	5497	5497	5497	5497	5497	5497	5497	N/A
15:32.56	1	5527	5527	5527	5527	5527	5527	5527	5527	N/A
15:32.57	1	5557	5557	5557	5557	5557	5557	5557	5557	N/A
15:32.57	1	5587	5587	5587	5587	5587	5587	5587	5587	N/A
15:32.58	1	5617	5617	5617	5617	5617	5617	5617	5617	N/A
15:32.58	1	5647	5647	5647	5647	5647	5647	5647	5647	N/A
15:32.59	1	5677	5677	5677	5677	5677	5677	5677	5677	N/A
15:32.59	1	5707	5707	5707	5707	5707	5707	5707	5707	N/A
15:33.12	1	5977	5977	5977	5977	5977	5977	5977	5977	N/A
15:33.14	1	6007	6007	6007	6007	6007	6007	6007	6007	N/A
15:33.16	1	6037	6037	6037	6037	6037	6037	6037	6037	N/A
15:33.18	1	6067	6067	6067	6067	6067	6067	6067	6067	N/A
15:33.19	1	6097	6097	6097	6097	6097	6097	6097	6097	N/A
15:33.21	1	6127	6127	6127	6127	6127	6127	6127	6127	N/A
15:33.27	1	6157	6157	6157	6157	6157	6157	6157	6157	N/A
15:33.29	1	6187	6187	6187	6187	6187	6187	6187	6187	N/A
15:33.31	1	6217	6217	6217	6217	6217	6217	6217	6217	N/A
15:33.33	1	6247	6247	6247	6247	6247	6247	6247	6247	N/A
15:33.36	1	6277	6277	6277	6277	6277	6277	6277	6277	N/A
15:33.38	1	6307	6307	6307	6307	6307	6307	6307	6307	N/A
16:03.56	1	6308	6308	6308	6308	6308	6308	6308	6308	N/A
16:03.57	1	6338	6338	6338	6338	6338	6338	6338	6338	N/A
16:03.59	1	6368	6368	6368	6368	6368	6368	6368	6368	N/A
16:04.01	1	6398	6398	6398	6398	6398	6398	6398	6398	N/A
16:04.03	1	6428	6428	6428	6428	6428	6428	6428	6428	N/A
16:04.08	1	6458	6458	6458	6458	6458	6458	6458	6458	N/A
16:04.11	1	6488	6488	6488	6488	6488	6488	6488	6488	N/A
16:04.13	1	6518	6518	6518	6518	6518	6518	6518	6518	N/A
16:04.14	1	6548	6548	6548	6548	6548	6548	6548	6548	N/A
16:04.17	1	6578	6578	6578	6578	6578	6578	6578	6578	N/A
16:04.20	1	6608	6608	6608	6608	6608	6608	6608	6608	N/A
16:04.22	1	6638	6638	6638	6638	6638	6638	6638	6638	N/A
16:04.30	1	6668	6668	6668	6668	6668	6668	6668	6668	N/A
16:04.32	1	6698	6698	6698	6698	6698	6698	6698	6698	N/A
16:04.34	1	6728	6728	6728	6728	6728	6728	6728	6728	N/A
16:04.37	1	6758	6758	6758	6758	6758	6758	6758	6758	N/A
16:04.40	1	6788	6788	6788	6788	6788	6788	6788	6788	N/A
16:04.42	1	6818	6818	6818	6818	6818	6818	6818	6818	N/A
16:04.44	1	6848	6848	6848	6848	6848	6848	6848	6848	N/A
16:07.20	1	6849	6849	6849	6849	6849	6849	6849	6849	N/A
16:07.20	1	6879	6879	6879	6879	6879	6879	6879	6879	N/A
16:07.21	1	6909	6909	6909	6909	6909	6909	6909	6909	N/A
16:07.23	1	6939	6939	6939	6939	6939	6939	6939	6939	N/A
16:07.24	1	6969	6969	6969	6969	6969	6969	6969	6969	N/A
16:07.24	1	6999	6999	6999	6999	6999	6999	6999	6999	N/A
16:07.25	1	7029	7029	7029	7029	7029	7029	7029	7029	N/A
16:07.26	1	7059	7059	7059	7059	7059	7059	7059	7059	N/A
16:07.28	1	7089	7089	7089	7089	7089	7089	7089	7089	N/A
16:07.29	1	7119	7119	7119	7119	7119	7119	7119	7119	N/A
16:07.34	1	7149	7149	7149	7149	7149	7149	7149	7149	N/A
16:07.36	1	7179	7179	7179	7179	7179	7179	7179	7179	N/A
16:07.38	1	7209	7209	7209	7209	7209	7209	7209	7209	N/A
16:07.40	1	7239	7239	7239	7239	7239	7239	7239	7239	N/A
16:07.42	1	7269	7269	7269	7269	7269	7269	7269	7269	N/A
16:07.43	1	7299	7299	7299	7299	7299	7299	7299	7299	N/A
16:07.45	1	7329	7329	7329	7329	7329	7329	7329	7329	N/A
16:07.47	1	7359	7359	7359	7359	7359	7359	7359	7359	N/A
16:07.52	1	7389	7389	7389	7389	7389	7389	7389	7389	N/A
16:07.54	1	7419	7419	7419	7419	7419	7419	7419	7419	N/A
16:07.56	1	7449	7449	7449	7449	7449	7449	7449	7449	N/A
16:17.04	1	7450	7450	7450	7450	7450	7450	7450	7450	N/A
16:17.05	1	7480	7480	7480	7480	7480	7480	7480	7480	N/A
16:17.06	1	7510	7510	7510	7510	7510	7510	7510	7510	N/A
16:17.07	1	7540	7540	7540	7540	7540	7540	7540	7540	N/A
16:17.08	1	7570	7570	7570	7570	7570	7570	7570	7570	N/A
16:17.09	1	7600	7600	7600	7600	7600	7600	7600	7600	N/A
16:17.10	1	7630	7630	7630	7630	7630	7630	7630	7630	N/A
16:17.11	1	7660	7660	7660	7660	7660	7660	7660	7660	N/A
16:17.12	1	7690	7690	7690	7690	7690	7690	7690	7690	N/A
16:17.13	1	7720	7720	7720	7720	7720	7720	7720	7720	N/A
16:17.14	1	7750	7750	7750	7750	7750	7750	7750	7750	N/A
16:17.15	1	7780	7780	7780	7780	7780	7780	7780	7780	N/A
16:17.16	1	7810	7810	7810	7810	7810	7810	7810	7810	N/A
16:17.17	1	7840	7840	7840	7840	7840	7840	7840	7840	N/A
16:17.18	1	7870	7870	7870	7870	7870	7870	7870	7870	N/A
16:17.22	1	7900	7900	7900	7900	7900	7900	7900	7900	N/A
16:17.25	1	7930	7930	7930	7930	7930	7930	7930	7930	N/A
16:17.26	1	7960	7960	7960	7960	7960	7960	7960	7960	N/A
16:17.29	1	7990	7990	7990	7990	7990	7990	7990	7990	N/A
16:17.31	1	8020	8020	8020	8020	8020	8020	8020	8020	N/A
16:17.33	1	8050	8050	8050	8050	8050	8050	8050	8050	N/A
16:19.07	1	8051	8051	8051	8051	8051	8051	8051	8051	N/A
16:19.08	1	8081	8081	8081	8081	8081	8081	8081	8081	N/A
16:19.10	1	8111	8111	8111	8111	8111	8111	8111	8111	N/A
16:19.11	1	8141	8141	8141	8141	8141	8141	8141	8141	N/A
16:19.12	1	8171	8171	8171	8171	8171	8171	8171	8171	N/A
16:19.14	1	8201	8201	8201	8201	8201	8201	8201	8201	N/A
16:19.19	1	8231	8231	8231	8231	8231	8231	8231	8231	N/A
16:19.21	1	8261	8261	8261	8261	8261	8261	8261	8261	N/A
16:19.23	1	8291	8291	8291	8291	8291	8291	8291	8291	N/A
16:19.25	1	8321	8321	8321	8321	8321	8321	8321	8321	N/A
16:19.27	1	8351	8351	8351	8351	8351	8351	8351	8351	N/A
16:19.28	1	8381	8381	8381	8381	8381	8381	8381	8381	N/A
16:19.31	1	8411	8411	8411	8411	8411	8411	8411	8411	N/A
16:19.33	1	8441	8441	8441	8441	8441	8441	8441	8441	N/A
16:22.15	1	8442	8442	8442	8442	8442	8442	8442	8442	N/A
16:22.16	1	8472	8472	8472	8472	8472	8472	8472	8472	N/A
16:22.17	1	8502	8502	8502	8502	8502	8502	8502	8502	N/A
16:22.18	1	8532	8532	8532	8532	8532	8532	8532	8532	N/A
16:22.20	1	8562	8562	8562	8562	8562	8562	8562	8562	N/A
16:22.21	1	8592	8592	8592	8592	8592	8592	8592	8592	N/A
16:22.23	1	8622	8622	8622	8622	8622	8622	8622	8622	N/A
16:22.24	1	8652	8652	8652	8652	8652	8652	8652	8652	N/A
16:22.26	1	8682	8682	8682	8682	8682	8682	8682	8682	N/A
16:22.28	1	8712	8712	8712	8712	8712	8712	8712	8712	N/A
16:22.30	1	8742	8742	8742	8742	8742	8742	8742	8742	N/A
16:22.32	1	8772	8772	8772	8772	8772	8772	8772	8772	N/A
16:22.34	1	8802	8802	8802	8802	8802	8802	8802	8802	N/A
16:22.35	1	8832	8832	8832	8832	8832	8832	8832	8832	N/A
16:22.38	1	8862	8862	8862	8862	8862	8862	8862	8862	N/A
16:22.45	1	8892	8892	8892	8892	8892	8892	8892	8892	N/A
16:22.47	1	8922	8922	8922	8922	8922	8922	8922	8922	N/A
16:22.49	1	8952	8952	8952	8952	8952	8952	8952	8952	N/A
16:22.51	1	8982	8982	8982	8982	8982	8982	8982	8982	N/A
16:22.52	1	9012	9012	9012	9012	9012	9012	9012	9012	N/A
16:22.55	1	9042	9042	9042	9042	9042	9042	9042	9042	N/A
16:27.27	1	9043	9043	9043	9043	9043	9043	9043	9043	N/A
16:27.29	1	9073	9073	9073	9073	9073	9073	9073	9073	N/A
16:27.31	1	9103	9103	9103	9103	9103	9103	9103	9103	N/A
16:27.32	1	9133	9133	9133	9133	9133	9133	9133	9133	N/A
16:27.34	1	9163	9163	9163	9163	9163	9163	9163	9163	N/A
16:27.40	1	9193	9193	9193	9193	9193	9193	9193	9193	N/A
16:27.42	1	9223	9223	9223	9223	9223	9223	9223	9223	N/A
16:27.45	1	9253	9253	9253	9253	9253	9253	9253	9253	N/A
16:27.47	1	9283	9283	9283	9283	9283	9283	9283	9283	N/A
16:27.50	1	9313	9313	9313	9313	9313	9313	9313	9313	N/A
16:27.57	1	9343	9343	9343	9343	9343	9343	9343	9343	N/A
16:28.00	1	9373	9373	9373	9373	9373	9373	9373	9373	N/A
16:28.03	1	9403	9403	9403	9403	9403	9403	9403	9403	N/A
16:28.05	1	9433	9433	9433	9433	9433	9433	9433	9433	N/A
16:28.08	1	9463	9463	9463	9463	9463	9463	9463	9463	N/A
16:28.14	1	9493	9493	9493	9493	9493	9493	9493	9493	N/A
16:28.18	1	9523	9523	9523	9523	9523	9523	9523	9523	N/A
16:28.20	1	9553	9553	9553	9553	9553	9553	9553	9553	N/A
16:28.23	1	9583	9583	9583	9583	9583	9583	9583	9583	N/A
16:28.30	1	9613	9613	9613	9613	9613	9613	9613	9613	N/A
16:28.34	1	9643	9643	9643	9643	9643	9643	9643	9643	N/A
16:32.11	1	9644	9644	9644	9644	9644	9644	9644	9644	N/A
16:32.13	1	9674	9674	9674	9674	9674	9674	9674	9674	N/A
16:32.15	1	9704	9704	9704	9704	9704	9704	9704	9704	N/A
16:32.17	1	9734	9734	9734	9734	9734	9734	9734	9734	N/A
16:32.26	1	9764	9764	9764	9764	9764	9764	9764	9764	N/A
16:32.28	1	9794	9794	9794	9794	9794	9794	9794	9794	N/A
16:32.30	1	9824	9824	9824	9824	9824	9824	9824	9824	N/A
16:32.33	1	9854	9854	9854	9854	9854	9854	9854	9854	N/A
16:32.44	1	9884	9884	9884	9884	9884	9884	9884	9884	N/A
16:32.46	1	9914	9914	9914	9914	9914	9914	9914	9914	N/A
16:32.48	1	9944	9944	9944	9944	9944	9944	9944	9944	N/A
16:32.55	1	9974	9974	9974	9974	9974	9974	9974	9974	N/A
16:32.58	1	10004	10004	10004	10004	10004	10004	10004	10004	N/A
16:33.01	1	10034	10034	10034	10034	10034	10034	10034	10034	N/A
08:27.05	1	10035	10035	10035	10035	10035	10035	10035	10035	0
08:27.07	1	10065	10065	10065	10065	10065	10065	10065	10065	51209.07
08:27.08	1	10095	10095	10095	10095	10095	10095	10095	10095	12.5
08:27.09	1	10125	10125	10125	10125	10125	10125	10125	10125	1000.68
08:27.10	2	10155	10155	10155	10155	10155	10155	10155	10155	1984.18
08:27.12	2	10185	10185	10185	10185	10185	10185	10185	10185	2957.45
08:27.13	2	10215	10215	10215	10215	10215	10215	10215	10215	3946.44
08:27.14	2	10245	10245	10245	10245	10245	10245	10245	10245	4927.81
08:27.16	2	10275	10275	10275	10275	10275	10275	10275	10275	5907.88
08:27.18	2	10305	10305	10305	10305	10305	10305	10305	10305	6889.66
08:27.20	2	10335	10335	10335	10335	10335	10335	10335	10335	7869.76
08:27.26	2	10365	10365	10365	10365	10365	10365	10365	10365	8858.35
08:27.27	2	10395	10395	10395	10395	10395	10395	10395	10395	9843.53
08:27.29	2	10425	10425	10425	10425	10425	10425	10425	10425	10827.02
08:27.30	2	10455	10455	10455	10455	10455	10455	10455	10455	11801.93
08:27.33	2	10485	10485	10485	10485	10485	10485	10485	10485	12782.05
08:27.35	2	10515	10515	10515	10515	10515	10515	10515	10515	13767.25
08:27.37	2	10545	10545	10545	10545	10545	10545	10545	10545	14750.71
08:27.49	2	10575	10575	10575	10575	10575	10575	10575	10575	15734.2
08:27.51	2	10605	10605	10605	10605	10605	10605	10605	10605	16712.57
08:27.54	2	10635	10635	10635	10635	10635	10635	10635	10635	17685.84
08:28.27	2	10905	10905	10905	10905	10905	10905	10905	10905	26571.27
08:28.34	2	10935	10935	10935	10935	10935	10935	10935	10935	27550.92
08:28.38	2	10965	10965	10965	10965	10965	10965	10965	10965	28533.14
08:28.41	2	10995	10995	10995	10995	10995	10995	10995	10995	29513.19
08:28.43	2	11025	11025	11025	11025	11025	11025	11025	11025	30505.2
08:28.46	2	11055	11055	11055	11055	11055	11055	11055	11055	31492.08
08:28.49	2	11085	11085	11085	11085	11085	11085	11085	11085	32477.28
08:28.56	2	11115	11115	11115	11115	11115	11115	11115	11115	33457.38
08:28.59	2	11145	11145	11145	11145	11145	11145	11145	11145	34442.55
08:29.02	2	11175	11175	11175	11175	11175	11175	11175	11175	35429.45
08:29.06	2	11205	11205	11205	11205	11205	11205	11205	11205	36407.37
08:29.09	2	11235	11235	11235	11235	11235	11235	11235	11235	36716.74
08:29.12	2	11265	11265	11265	11265	11265	11265	11265	11265	37622.65
08:29.15	2	11295	11295	11295	11295	11295	11295	11295	11295	38602.75
08:29.22	2	11325	11325	11325	11325	11325	11325	11325	11325	39579.4
08:29.26	2	11355	11355	11355	11355	11355	11355	11355	11355	40557.75
08:29.29	2	11385	11385	11385	11385	11385	11385	11385	11385	41537.4
08:29.32	2	11415	11415	11415	11415	11415	11415	11415	11415	42519.18
08:29.45	2	11445	11445	11445	11445	11445	11445	11445	11445	42753.4
08:29.47	2	11475	11475	11475	11475	11475	11475	11475	11475	43731.75
08:29.50	2	11505	11505	11505	11505	11505	11505	11505	11505	44704.57
08:30.07	2	11535	11535	11535	11535	11535	11535	11535	11535	45685.05
08:47.25	1	11536	11536	11536	11536	11536	11536	11536	11536	0
08:47.27	1	11566	11566	11566	11566	11566	11566	11566	11566	51209.07
08:47.28	1	11596	11596	11596	11596	11596	11596	11596	11596	12.5
08:47.30	1	11626	11626	11626	11626	11626	11626	11626	11626	1000.68
08:47.32	2	11656	11656	11656	11656	11656	11656	11656	11656	1984.18
08:47.34	2	11686	11686	11686	11686	11686	11686	11686	11686	2957.45
08:47.36	2	11716	11716	11716	11716	11716	11716	11716	11716	3946.44
08:47.39	2	11746	11746	11746	11746	11746	11746	11746	11746	4927.81
08:47.40	2	11776	11776	11776	11776	11776	11776	11776	11776	5907.88
08:47.42	2	11806	11806	11806	11806	11806	11806	11806	11806	6889.66
08:47.46	2	11836	11836	11836	11836	11836	11836	11836	11836	7869.76
08:47.49	2	11866	11866	11866	11866	11866	11866	11866	11866	8858.35
08:47.52	2	11896	11896	11896	11896	11896	11896	11896	11896	9843.53
08:47.55	2	11926	11926	11926	11926	11926	11926	11926	11926	10827.02
08:47.58	2	11956	11956	11956	11956	11956	11956	11956	11956	11801.93
08:48.02	2	11986	11986	11986	11986	11986	11986	11986	11986	12782.05
08:48.09	2	12016	12016	12016	12016	12016	12016	12016	12016	13767.25
08:48.13	2	12046	12046	12046	12046	12046	12046	12046	12046	14750.71
08:48.17	2	12076	12076	12076	12076	12076	12076	12076	12076	15734.2
08:48.28	2	12106	12106	12106	12106	12106	12106	12106	12106	16712.57
08:48.31	2	12136	12136	12136	12136	12136	12136	12136	12136	17685.84
08:49.19	2	12406	12406	12406	12406	12406	12406	12406	12406	26571.27
08:49.29	2	12436	12436	12436	12436	12436	12436	12436	12436	27550.92
08:49.32	2	12466	12466	12466	12466	12466	12466	12466	12466	28533.14
08:49.37	2	12496	12496	12496	12496	12496	12496	12496	12496	29513.19
08:49.41	2	12526	12526	12526	12526	12526	12526	12526	12526	30505.2
08:49.49	2	12556	12556	12556	12556	12556	12556	12556	12556	31492.08
08:49.54	2	12586	12586	12586	12586	12586	12586	12586	12586	32477.28
08:49.57	2	12616	12616	12616	12616	12616	12616	12616	12616	33457.38
08:50.01	2	12646	12646	12646	12646	12646	12646	12646	12646	34442.55
08:50.09	2	12676	12676	12676	12676	12676	12676	12676	12676	35429.45
08:50.14	2	12706	12706	12706	12706	12706	12706	12706	12706	36407.37
08:50.19	2	12736	12736	12736	12736	12736	12736	12736	12736	36716.74
08:50.23	2	12766	12766	12766	12766	12766	12766	12766	12766	37622.65
08:50.26	2	12796	12796	12796	12796	12796	12796	12796	12796	38602.75
08:50.35	2	12826	12826	12826	12826	12826	12826	12826	12826	39579.4
08:50.39	2	12856	12856	12856	12856	12856	12856	12856	12856	40557.75
08:50.43	2	12886	12886	12886	12886	12886	12886	12886	12886	41537.4
08:50.47	2	12916	12916	12916	12916	12916	12916	12916	12916	42519.18
08:50.52	2	12946	12946	12946	12946	12946	12946	12946	12946	42753.4
08:50.58	2	12976	12976	12976	12976	12976	12976	12976	12976	43731.75
08:51.01	2	13006	13006	13006	13006	13006	13006	13006	13006	44704.57
08:51.10	2	13036	13036	13036	13036	13036	13036	13036	13036	45685.05
08:51.16	2	13066	13066	13066	13066	13066	13066	13066	13066	46663.46
08:51.27	2	13096	13096	13096	13096	13096	13096	13096	13096	47650.34
08:51.33	2	13126	13126	13126	13126	13126	13126	13126	13126	48627.0
08:51.39	2	13156	13156	13156	13156	13156	13156	13156	13156	49608.32
08:51.48	2	13186	13186	13186	13186	13186	13186	13186	13186	50586.74
08:51.54	2	13216	13216	13216	13216	13216	13216	13216	13216	-402.81
08:51.59	2	13246	13246	13246	13246	13246	13246	13246	13246	401.97
08:52.10	3	13276	13276	13276	13276	13276	13276	13276	13276	1385.1
08:52.15	3	13306	13306	13306	13306	13306	13306	13306	13306	2366.11
08:52.25	3	13336	13336	13336	13336	13336	13336	13336	13336	3343.75
08:52.31	3	13366	13366	13366	13366	13366	13366	13366	13366	4319.67
08:52.36	3	13396	13396	13396	13396	13396	13396	13396	13396	5300.67
08:52.52	3	13426	13426	13426	13426	13426	13426	13426	13426	6278.27
08:53.00	3	13456	13456	13456	13456	13456	13456	13456	13456	7267.38
08:53.04	3	13486	13486	13486	13486	13486	13486	13486	13486	8247.13
08:53.09	3	13516	13516	13516	13516	13516	13516	13516	13516	9221.34
08:53.13	3	13546	13546	13546	13546	13546	13546	13546	13546	10193.85
08:53.23	3	13576	13576	13576	13576	13576	13576	13576	13576	11181.69
08:53.28	3	13606	13606	13606	13606	13606	13606	13606	13606	12160.58
08:53.33	3	13636	13636	13636	13636	13636	13636	13636	13636	13138.61
08:53.45	3	13666	13666	13666	13666	13666	13666	13666	13666	14122.62
08:53.51	3	13696	13696	13696	13696	13696	13696	13696	13696	15095.17
08:54.04	3	13726	13726	13726	13726	13726	13726	13726	13726	16072.75
08:54.13	3	13756	13756	13756	13756	13756	13756	13756	13756	17055.47
08:54.18	3	13786	13786	13786	13786	13786	13786	13786	13786	18036.47
08:54.23	3	13816	13816	13816	13816	13816	13816	13816	13816	18335.91
08:54.29	3	13846	13846	13846	13846	13846	13846	13846	13846	19223.05
08:54.33	3	13876	13876	13876	13876	13876	13876	13876	13876	20204.53
08:54.38	3	13906	13906	13906	13906	13906	13906	13906	13906	21177.02
