================================= TCP01 - Realtime Index Tracker =============================
Time		Layer#	T1Row	T2Row	T3Row	T4Row	T5Row	T6Row	T7Row	T8Row	EstPos
----------------------------------------------------------------------------------------------
22:51.51	0.0	2	2	2	2	2	2	2	2	0.0
22:51.55	0.0	3	3	3	3	3	3	3	3	0.0
22:52.01	1.0	4	4	4	4	4	4	4	4	50581.53
22:52.11	1.0	5	5	5	5	5	5	5	5	50581.53
22:52.22	1.0	6	6	6	6	6	6	6	6	50581.53
22:52.31	1.0	7	7	7	7	7	7	7	7	50581.53
22:52.41	1.0	8	8	8	8	8	8	8	8	50581.53
22:52.49	1.0	9	9	9	9	9	9	9	9	50581.53
22:53.12	1.0	10	10	10	10	10	10	10	10	50581.53
22:53.20	1.0	11	11	11	11	11	11	11	11	50581.53
22:53.30	1.0	12	12	12	12	12	12	12	12	50581.53
22:53.38	1.0	13	13	13	13	13	13	13	13	50581.53
22:53.50	1.0	14	14	14	14	14	14	14	14	50581.53
22:53.59	1.0	15	15	15	15	15	15	15	15	50581.53
22:54.07	1.0	16	16	16	16	16	16	16	16	50581.53
22:54.15	1.0	17	17	17	17	17	17	17	17	50581.53
22:54.22	1.0	18	18	18	18	18	18	18	18	50581.53
22:54.30	1.0	19	19	19	19	19	19	19	19	50581.53
22:54.42	1.0	20	20	20	20	20	20	20	20	50581.53
22:54.50	1.0	21	21	21	21	21	21	21	21	50581.53
22:55.03	1.0	22	22	22	22	22	22	22	22	50581.53
22:55.13	1.0	23	23	23	23	23	23	23	23	50581.53
22:55.22	1.0	24	24	24	24	24	24	24	24	50581.53
22:55.36	1.0	25	25	25	25	25	25	25	25	50581.53
22:55.48	1.0	26	26	26	26	26	26	26	26	50581.53
22:56.00	1.0	27	27	27	27	27	27	27	27	50581.53
22:56.08	1.0	28	28	28	28	28	28	28	28	50581.53
22:56.22	1.0	29	29	29	29	29	29	29	29	50581.53
22:56.33	1.0	30	30	30	30	30	30	30	30	50581.53
22:56.41	1.0	31	31	31	31	31	31	31	31	50581.53
22:56.50	1.0	32	32	32	32	32	32	32	32	50581.53
23:27.23	0.0	34	34	34	34	34	34	34	34	0.0
23:27.28	0.0	35	35	35	35	35	35	35	35	0.0
23:27.33	1.0	36	36	36	36	36	36	36	36	50581.53
23:27.40	1.0	37	37	37	37	37	37	37	37	50581.53
23:27.48	1.0	38	38	38	38	38	38	38	38	50581.53
23:27.55	1.0	39	39	39	39	39	39	39	39	50581.53
23:28.04	1.0	40	40	40	40	40	40	40	40	50581.53
23:28.11	1.0	41	41	41	41	41	41	41	41	50581.53
23:28.17	1.0	42	42	42	42	42	42	42	42	50581.53
23:28.37	1.0	43	43	43	43	43	43	43	43	50581.53
23:28.43	1.0	44	44	44	44	44	44	44	44	50581.53
23:28.49	1.0	45	45	45	45	45	45	45	45	50581.53
23:28.56	1.0	46	46	46	46	46	46	46	46	50581.53
23:29.12	1.0	47	47	47	47	47	47	47	47	50581.53
23:29.25	1.0	48	48	48	48	48	48	48	48	50581.53
23:29.30	1.0	49	49	49	49	49	49	49	49	50581.53
23:29.40	1.0	50	50	50	50	50	50	50	50	50581.53
23:29.46	1.0	51	51	51	51	51	51	51	51	50581.53
23:30.11	1.0	52	52	52	52	52	52	52	52	50581.53
23:30.17	1.0	53	53	53	53	53	53	53	53	50581.53
23:30.30	1.0	54	54	54	54	54	54	54	54	50581.53
23:30.39	1.0	55	55	55	55	55	55	55	55	50581.53
23:30.47	1.0	56	56	56	56	56	56	56	56	50581.53
23:30.54	1.0	57	57	57	57	57	57	57	57	50581.53
23:31.09	1.0	58	58	58	58	58	58	58	58	50581.53
23:31.19	1.0	59	59	59	59	59	59	59	59	50581.53
23:31.26	1.0	60	60	60	60	60	60	60	60	50581.53
23:31.35	1.0	61	61	61	61	61	61	61	61	50581.53
23:31.41	1.0	62	62	62	62	62	62	62	62	50581.53
23:34.32	0.0	64	64	64	64	64	64	64	64	0.0
23:34.42	0.0	65	65	65	65	65	65	65	65	0.0
23:34.48	1.0	66	66	66	66	66	66	66	66	50581.53
23:34.58	1.0	67	67	67	67	67	67	67	67	50581.53
23:35.04	1.0	68	68	68	68	68	68	68	68	50581.53
23:35.15	1.0	69	69	69	69	69	69	69	69	50581.53
23:35.21	1.0	70	70	70	70	70	70	70	70	50581.53
23:35.30	1.0	71	71	71	71	71	71	71	71	50581.53
23:35.36	1.0	72	72	72	72	72	72	72	72	50581.53
23:35.42	1.0	73	73	73	73	73	73	73	73	50581.53
23:35.53	1.0	74	74	74	74	74	74	74	74	50581.53
23:35.59	1.0	75	75	75	75	75	75	75	75	50581.53
23:36.05	1.0	76	76	76	76	76	76	76	76	50581.53
23:36.16	1.0	77	77	77	77	77	77	77	77	50581.53
23:36.22	1.0	78	78	78	78	78	78	78	78	50581.53
23:36.28	1.0	79	79	79	79	79	79	79	79	50581.53
23:36.42	1.0	80	80	80	80	80	80	80	80	50581.53
23:36.53	1.0	81	81	81	81	81	81	81	81	50581.53
23:37.00	1.0	82	82	82	82	82	82	82	82	50581.53
23:37.12	1.0	83	83	83	83	83	83	83	83	50581.53
23:37.22	1.0	84	84	84	84	84	84	84	84	50581.53
23:37.29	1.0	85	85	85	85	85	85	85	85	50581.53
23:37.35	1.0	86	86	86	86	86	86	86	86	50581.53
23:37.47	1.0	87	87	87	87	87	87	87	87	50581.53
23:37.53	1.0	88	88	88	88	88	88	88	88	50581.53
23:38.02	1.0	89	89	89	89	89	89	89	89	50581.53
23:38.08	1.0	90	90	90	90	90	90	90	90	50581.53
23:38.28	1.0	91	91	91	91	91	91	91	91	50581.53
23:38.36	1.0	92	92	92	92	92	92	92	92	50581.53
23:38.51	1.0	93	93	93	93	93	93	93	93	50581.53
23:39.00	1.0	94	94	94	94	94	94	94	94	50581.53
23:39.20	1.0	95	95	95	95	95	95	95	95	50581.53
23:39.25	1.0	96	96	96	96	96	96	96	96	50581.53
23:39.42	1.0	97	97	97	97	97	97	97	97	50581.53
23:39.57	1.0	98	98	98	98	98	98	98	98	50581.53
23:40.09	1.0	99	99	99	99	99	99	99	99	50581.53
23:40.18	1.0	100	100	100	100	100	100	100	100	50581.53
23:54.20	0.0	102	102	102	102	102	102	102	102	0.0
23:54.22	0.0	103	103	103	103	103	103	103	103	0.0
23:54.23	1.0	104	104	104	104	104	104	104	104	50581.53
23:54.24	1.0	105	105	105	105	105	105	105	105	50581.53
23:54.26	1.0	106	106	106	106	106	106	106	106	50581.53
23:54.27	1.0	107	107	107	107	107	107	107	107	50581.53
23:54.29	1.0	108	108	108	108	108	108	108	108	50581.53
23:54.31	1.0	109	109	109	109	109	109	109	109	50581.53
23:54.34	1.0	110	110	110	110	110	110	110	110	50581.53
23:54.36	1.0	111	111	111	111	111	111	111	111	50581.53
23:54.38	1.0	112	112	112	112	112	112	112	112	50581.53
23:54.40	1.0	113	113	113	113	113	113	113	113	50581.53
23:54.44	1.0	114	114	114	114	114	114	114	114	50581.53
23:54.50	1.0	115	115	115	115	115	115	115	115	50581.53
23:54.52	1.0	116	116	116	116	116	116	116	116	50581.53
23:54.54	1.0	117	117	117	117	117	117	117	117	50581.53
23:54.55	1.0	118	118	118	118	118	118	118	118	50581.53
06:25.21	0.0	119	119	119	119	119	119	119	119	0.0
06:25.26	0.0	139	139	139	139	139	139	139	139	0.0
06:25.31	1.0	159	159	159	159	159	159	159	159	50581.53
06:25.37	1.0	179	179	179	179	179	179	179	179	50581.53
06:25.42	1.0	199	199	199	199	199	199	199	199	50581.53
06:25.52	1.0	219	219	219	219	219	219	219	219	50581.53
06:26.03	1.0	239	239	239	239	239	239	239	239	50581.53
06:26.19	1.0	259	259	259	259	259	259	259	259	50581.53
06:26.31	1.0	279	279	279	279	279	279	279	279	50581.53
06:26.39	1.0	299	299	299	299	299	299	299	299	50581.53
06:26.48	1.0	319	319	319	319	319	319	319	319	50581.53
06:27.05	1.0	339	339	339	339	339	339	339	339	50581.53
06:27.18	1.0	359	359	359	359	359	359	359	359	50581.53
06:27.42	1.0	379	379	379	379	379	379	379	379	50581.53
06:27.51	1.0	399	399	399	399	399	399	399	399	50581.53
06:28.04	1.0	419	419	419	419	419	419	419	419	50581.53
06:28.22	1.0	439	439	439	439	439	439	439	439	50581.53
06:28.31	1.0	459	459	459	459	459	459	459	459	50581.53
06:28.55	1.0	479	479	479	479	479	479	479	479	50581.53
06:29.09	1.0	499	499	499	499	499	499	499	499	50581.53
06:29.19	1.0	519	519	519	519	519	519	519	519	50581.53
06:29.32	1.0	539	539	539	539	539	539	539	539	50581.53
06:29.46	1.0	559	559	559	559	559	559	559	559	50581.53
06:30.06	1.0	579	579	579	579	579	579	579	579	50581.53
06:30.18	1.0	599	599	599	599	599	599	599	599	50581.53
06:30.29	1.0	619	619	619	619	619	619	619	619	50581.53
06:30.43	1.0	639	639	639	639	639	639	639	639	50581.53
06:30.58	1.0	659	659	659	659	659	659	659	659	50581.53
06:31.12	1.0	679	679	679	679	679	679	679	679	50581.53
06:31.25	1.0	699	699	699	699	699	699	699	699	50581.53
06:31.45	1.0	719	719	719	719	719	719	719	719	50581.53
06:31.57	1.0	739	739	739	739	739	739	739	739	50581.53
06:32.15	1.0	759	759	759	759	759	759	759	759	50581.53
06:32.29	1.0	779	779	779	779	779	779	779	779	50581.53
06:32.45	1.0	799	799	799	799	799	799	799	799	50581.53
06:33.01	1.0	819	819	819	819	819	819	819	819	50581.53
06:33.18	1.0	839	839	839	839	839	839	839	839	50581.53
06:33.39	1.0	859	859	859	859	859	859	859	859	50581.53
06:33.55	1.0	879	879	879	879	879	879	879	879	50581.53
06:34.12	1.0	899	899	899	899	899	899	899	899	50581.53
06:34.25	1.0	919	919	919	919	919	919	919	919	50581.53
06:34.35	1.0	939	939	939	939	939	939	939	939	50581.53
06:34.52	1.0	959	959	959	959	959	959	959	959	50581.53
06:35.06	1.0	979	979	979	979	979	979	979	979	50581.53
06:46.04	0.0	980	980	980	980	980	980	980	980	0.0
06:46.09	0.0	1000	1000	1000	1000	1000	1000	1000	1000	0.0
06:46.14	1.0	1020	1020	1020	1020	1020	1020	1020	1020	50581.53
06:46.22	1.0	1040	1040	1040	1040	1040	1040	1040	1040	50581.53
06:46.27	1.0	1060	1060	1060	1060	1060	1060	1060	1060	50581.53
06:46.41	1.0	1080	1080	1080	1080	1080	1080	1080	1080	50581.53
06:46.46	1.0	1100	1100	1100	1100	1100	1100	1100	1100	50581.53
06:46.56	1.0	1120	1120	1120	1120	1120	1120	1120	1120	50581.53
06:47.01	1.0	1140	1140	1140	1140	1140	1140	1140	1140	50581.53
06:47.06	1.0	1160	1160	1160	1160	1160	1160	1160	1160	50581.53
06:47.14	1.0	1180	1180	1180	1180	1180	1180	1180	1180	50581.53
06:47.19	1.0	1200	1200	1200	1200	1200	1200	1200	1200	50581.53
06:47.24	1.0	1220	1220	1220	1220	1220	1220	1220	1220	50581.53
06:47.30	1.0	1240	1240	1240	1240	1240	1240	1240	1240	50581.53
06:47.39	1.0	1260	1260	1260	1260	1260	1260	1260	1260	50581.53
06:47.47	1.0	1280	1280	1280	1280	1280	1280	1280	1280	50581.53
06:47.53	1.0	1300	1300	1300	1300	1300	1300	1300	1300	50581.53
06:48.03	1.0	1320	1320	1320	1320	1320	1320	1320	1320	50581.53
06:48.09	1.0	1340	1340	1340	1340	1340	1340	1340	1340	50581.53
06:48.18	1.0	1360	1360	1360	1360	1360	1360	1360	1360	50581.53
06:48.23	1.0	1380	1380	1380	1380	1380	1380	1380	1380	50581.53
06:48.29	1.0	1400	1400	1400	1400	1400	1400	1400	1400	50581.53
06:48.38	1.0	1420	1420	1420	1420	1420	1420	1420	1420	50581.53
06:48.43	1.0	1440	1440	1440	1440	1440	1440	1440	1440	50581.53
06:48.48	1.0	1460	1460	1460	1460	1460	1460	1460	1460	50581.53
06:48.57	1.0	1480	1480	1480	1480	1480	1480	1480	1480	50581.53
06:49.03	1.0	1500	1500	1500	1500	1500	1500	1500	1500	50581.53
06:49.09	1.0	1520	1520	1520	1520	1520	1520	1520	1520	50581.53
06:49.17	1.0	1540	1540	1540	1540	1540	1540	1540	1540	50581.53
