================================= TCP01 - Realtime Index Tracker =============================
Time		Layer#	T1Row	T2Row	T3Row	T4Row	T5Row	T6Row	T7Row	T8Row	EstPos
----------------------------------------------------------------------------------------------
09:09.01	1	1	1	1	1	1	1	1	1	0
09:09.05	1	21	21	21	21	21	21	21	21	50901.11
09:09.10	1	41	41	41	41	41	41	41	41	-415.51
09:09.14	2	61	61	61	61	61	61	61	61	12.5
09:09.18	2	81	81	81	81	81	81	81	81	670.03
09:09.27	2	101	101	101	101	101	101	101	101	1324.53
09:09.32	2	121	121	121	121	121	121	121	121	1984.18
09:09.36	2	141	141	141	141	141	141	141	141	2633.58
09:09.46	2	161	161	161	161	161	161	161	161	3288.07
09:09.51	2	181	181	181	181	181	181	181	181	3946.44
09:09.56	2	201	201	201	201	201	201	201	201	4600.55
09:10.04	2	221	221	221	221	221	221	221	221	5255.08
09:10.11	2	241	241	241	241	241	241	241	241	5907.88
09:10.17	2	261	261	261	261	261	261	261	261	6560.72
09:10.25	2	281	281	281	281	281	281	281	281	7215.24
09:10.31	2	301	301	301	301	301	301	301	301	7869.76
09:10.36	2	321	321	321	321	321	321	321	321	8524.26
09:10.44	2	341	341	341	341	341	341	341	341	9180.48
09:10.49	2	361	361	361	361	361	361	361	361	9843.53
09:10.56	2	381	381	381	381	381	381	381	381	10499.75
09:11.10	2	401	401	401	401	401	401	401	401	11149.15
09:11.19	2	421	421	421	421	421	421	421	421	11801.93
09:11.26	2	441	441	441	441	441	441	441	441	12449.65
09:11.31	2	461	461	461	461	461	461	461	461	13109.3
09:11.39	2	481	481	481	481	481	481	481	481	13767.25
09:11.46	2	501	501	501	501	501	501	501	501	14423.47
09:11.51	2	521	521	521	521	521	521	521	521	15072.88
09:11.59	2	541	541	541	541	541	541	541	541	15734.2
09:12.06	2	561	561	561	561	561	561	561	561	16380.18
09:12.22	2	581	581	581	581	581	581	581	581	17039.83
09:12.31	2	601	601	601	601	601	601	601	601	17685.84
09:12.36	2	621	621	621	621	621	621	621	621	18343.77
09:12.42	2	641	641	641	641	641	641	641	641	18998.29
09:12.52	2	661	661	661	661	661	661	661	661	19656.19
09:12.57	2	681	681	681	681	681	681	681	681	20307.31
09:13.09	2	701	701	701	701	701	701	701	701	20965.24
09:13.19	2	721	721	721	721	721	721	721	721	21618.05
09:13.25	2	741	741	741	741	741	741	741	741	22279.38
09:13.40	2	761	761	761	761	761	761	761	761	22945.83
09:13.46	2	781	781	781	781	781	781	781	781	23608.9
09:13.48	2	801	801	801	801	801	801	801	801	24263.41
09:13.55	2	821	821	821	821	821	821	821	821	24923.02
09:14.02	2	841	841	841	841	841	841	841	841	25582.67
09:14.09	2	861	861	861	861	861	861	861	861	26238.93
09:14.26	2	881	881	881	881	881	881	881	881	26898.53
09:14.32	2	901	901	901	901	901	901	901	901	27550.92
09:14.41	2	921	921	921	921	921	921	921	921	28205.86
09:14.48	2	941	941	941	941	941	941	941	941	28860.38
09:14.58	2	961	961	961	961	961	961	961	961	29513.19
09:15.04	2	981	981	981	981	981	981	981	981	30177.96
09:15.14	2	1001	1001	1001	1001	1001	1001	1001	1001	30829.04
09:15.20	2	1021	1021	1021	1021	1021	1021	1021	1021	31492.08
09:15.27	2	1041	1041	1041	1041	1041	1041	1041	1041	32148.34
09:15.37	2	1061	1061	1061	1061	1061	1061	1061	1061	32806.26
09:15.47	2	1081	1081	1081	1081	1081	1081	1081	1081	33457.38
09:15.54	2	1101	1101	1101	1101	1101	1101	1101	1101	34114.86
09:16.01	2	1121	1121	1121	1121	1121	1121	1121	1121	34769.85
09:16.12	2	1141	1141	1141	1141	1141	1141	1141	1141	35429.45
09:16.21	2	1161	1161	1161	1161	1161	1161	1161	1161	36082.26
09:16.29	2	1181	1181	1181	1181	1181	1181	1181	1181	36738.55
09:16.38	2	1201	1201	1201	1201	1201	1201	1201	1201	36716.74
09:16.45	2	1221	1221	1221	1221	1221	1221	1221	1221	37298.8
09:16.55	2	1241	1241	1241	1241	1241	1241	1241	1241	37949.91
09:17.02	2	1261	1261	1261	1261	1261	1261	1261	1261	38602.75
09:17.12	2	1281	1281	1281	1281	1281	1281	1281	1281	39252.15
09:17.19	2	1301	1301	1301	1301	1301	1301	1301	1301	39908.36
09:17.25	2	1321	1321	1321	1321	1321	1321	1321	1321	40557.75
09:17.32	2	1341	1341	1341	1341	1341	1341	1341	1341	41212.3
09:17.39	2	1361	1361	1361	1361	1361	1361	1361	1361	41866.78
09:17.48	2	1381	1381	1381	1381	1381	1381	1381	1381	42519.18
09:17.55	2	1401	1401	1401	1401	1401	1401	1401	1401	42538.22
09:18.03	2	1421	1421	1421	1421	1421	1421	1421	1421	43076.8
09:18.11	2	1441	1441	1441	1441	1441	1441	1441	1441	43731.75
09:18.19	2	1461	1461	1461	1461	1461	1461	1461	1461	44380.7
09:18.29	2	1481	1481	1481	1481	1481	1481	1481	1481	45033.98
09:18.37	2	1501	1501	1501	1501	1501	1501	1501	1501	45685.05
09:18.44	2	1521	1521	1521	1521	1521	1521	1521	1521	46340.86
09:18.53	2	1541	1541	1541	1541	1541	1541	1541	1541	46990.27
09:19.00	2	1561	1561	1561	1561	1561	1561	1561	1561	47650.34
09:19.06	2	1581	1581	1581	1581	1581	1581	1581	1581	48299.31
09:19.15	2	1601	1601	1601	1601	1601	1601	1601	1601	48950.84
09:19.23	2	1621	1621	1621	1621	1621	1621	1621	1621	49608.32
09:19.33	2	1641	1641	1641	1641	1641	1641	1641	1641	50263.3
09:19.40	2	1661	1661	1661	1661	1661	1661	1661	1661	50910.55
09:19.48	2	1681	1681	1681	1681	1681	1681	1681	1681	-402.81
09:19.59	3	1701	1701	1701	1701	1701	1701	1701	1701	75.51
09:20.05	3	1721	1721	1721	1721	1721	1721	1721	1721	730.09
09:20.13	3	1741	1741	1741	1741	1741	1741	1741	1741	1385.1
09:20.21	3	1761	1761	1761	1761	1761	1761	1761	1761	2040.96
09:20.29	3	1781	1781	1781	1781	1781	1781	1781	1781	2694.26
09:20.37	3	1801	1801	1801	1801	1801	1801	1801	1801	3343.75
09:20.50	3	1821	1821	1821	1821	1821	1821	1821	1821	3991.5
09:20.58	3	1841	1841	1841	1841	1841	1841	1841	1841	4649.5
09:21.13	3	1861	1861	1861	1861	1861	1861	1861	1861	5300.67
09:21.33	3	1881	1881	1881	1881	1881	1881	1881	1881	5954.87
09:21.41	3	1901	1901	1901	1901	1901	1901	1901	1901	6612.79
09:21.49	3	1921	1921	1921	1921	1921	1921	1921	1921	7267.38
09:22.00	3	1941	1941	1941	1941	1941	1941	1941	1941	7920.69
09:22.08	3	1961	1961	1961	1961	1961	1961	1961	1961	8571.43
09:22.18	3	1981	1981	1981	1981	1981	1981	1981	1981	9221.34
09:22.26	3	2001	2001	2001	2001	2001	2001	2001	2001	9865.72
09:26.41	1	2002	2002	2002	2002	2002	2002	2002	2002	0
09:26.45	1	2022	2022	2022	2022	2022	2022	2022	2022	50901.11
09:26.54	1	2042	2042	2042	2042	2042	2042	2042	2042	-415.51
09:26.58	2	2062	2062	2062	2062	2062	2062	2062	2062	12.5
09:27.10	2	2082	2082	2082	2082	2082	2082	2082	2082	670.03
09:27.14	2	2102	2102	2102	2102	2102	2102	2102	2102	1324.53
10:34.43	1	2103	2103	2103	2103	2103	2103	2103	2103	0
10:34.47	1	2123	2123	2123	2123	2123	2123	2123	2123	50901.11
10:34.49	1	2143	2143	2143	2143	2143	2143	2143	2143	-415.51
10:34.50	2	2163	2163	2163	2163	2163	2163	2163	2163	12.5
10:34.55	2	2183	2183	2183	2183	2183	2183	2183	2183	670.03
10:35.06	2	2203	2203	2203	2203	2203	2203	2203	2203	1324.53
10:35.12	2	2223	2223	2223	2223	2223	2223	2223	2223	1984.18
10:35.27	2	2243	2243	2243	2243	2243	2243	2243	2243	2633.58
10:35.40	2	2263	2263	2263	2263	2263	2263	2263	2263	3288.07
10:35.51	2	2283	2283	2283	2283	2283	2283	2283	2283	3946.44
10:35.59	2	2303	2303	2303	2303	2303	2303	2303	2303	4600.55
10:36.10	2	2323	2323	2323	2323	2323	2323	2323	2323	5255.08
10:36.22	2	2343	2343	2343	2343	2343	2343	2343	2343	5907.88
10:36.32	2	2363	2363	2363	2363	2363	2363	2363	2363	6560.72
10:36.44	2	2383	2383	2383	2383	2383	2383	2383	2383	7215.24
10:36.54	2	2403	2403	2403	2403	2403	2403	2403	2403	7869.76
10:37.09	2	2423	2423	2423	2423	2423	2423	2423	2423	8524.26
10:37.22	2	2443	2443	2443	2443	2443	2443	2443	2443	9180.48
10:37.33	2	2463	2463	2463	2463	2463	2463	2463	2463	9843.53
10:38.00	2	2483	2483	2483	2483	2483	2483	2483	2483	10499.75
10:46.23	1	2484	2484	2484	2484	2484	2484	2484	2484	0
10:46.25	1	2504	2504	2504	2504	2504	2504	2504	2504	50901.11
10:46.27	1	2524	2524	2524	2524	2524	2524	2524	2524	-415.51
10:46.28	2	2544	2544	2544	2544	2544	2544	2544	2544	12.5
10:46.30	2	2564	2564	2564	2564	2564	2564	2564	2564	670.03
10:46.32	2	2584	2584	2584	2584	2584	2584	2584	2584	1324.53
10:46.33	2	2604	2604	2604	2604	2604	2604	2604	2604	1984.18
10:46.35	2	2624	2624	2624	2624	2624	2624	2624	2624	2633.58
10:46.40	2	2644	2644	2644	2644	2644	2644	2644	2644	3288.07
10:46.45	2	2664	2664	2664	2664	2664	2664	2664	2664	3946.44
10:59.11	1	2665	2665	2665	2665	2665	2665	2665	2665	0
10:59.13	1	2685	2685	2685	2685	2685	2685	2685	2685	50901.11
10:59.15	1	2705	2705	2705	2705	2705	2705	2705	2705	-415.51
10:59.16	2	2725	2725	2725	2725	2725	2725	2725	2725	12.5
10:59.18	2	2745	2745	2745	2745	2745	2745	2745	2745	670.03
10:59.20	2	2765	2765	2765	2765	2765	2765	2765	2765	1324.53
10:59.26	2	2785	2785	2785	2785	2785	2785	2785	2785	1984.18
10:59.30	2	2805	2805	2805	2805	2805	2805	2805	2805	2633.58
10:59.34	2	2825	2825	2825	2825	2825	2825	2825	2825	3288.07
10:59.38	2	2845	2845	2845	2845	2845	2845	2845	2845	3946.44
10:59.42	2	2865	2865	2865	2865	2865	2865	2865	2865	4600.55
11:17.29	1	2866	2866	2866	2866	2866	2866	2866	2866	0
11:17.31	1	2886	2886	2886	2886	2886	2886	2886	2886	50901.11
11:17.37	1	2906	2906	2906	2906	2906	2906	2906	2906	-415.51
11:17.39	2	2926	2926	2926	2926	2926	2926	2926	2926	12.5
11:17.42	2	2946	2946	2946	2946	2946	2946	2946	2946	670.03
11:17.48	2	2966	2966	2966	2966	2966	2966	2966	2966	1324.53
11:17.58	2	2986	2986	2986	2986	2986	2986	2986	2986	1984.18
11:18.06	2	3006	3006	3006	3006	3006	3006	3006	3006	2633.58
11:18.17	2	3026	3026	3026	3026	3026	3026	3026	3026	3288.07
11:18.24	2	3046	3046	3046	3046	3046	3046	3046	3046	3946.44
11:18.36	2	3066	3066	3066	3066	3066	3066	3066	3066	4600.55
11:18.43	2	3086	3086	3086	3086	3086	3086	3086	3086	5255.08
11:18.52	2	3106	3106	3106	3106	3106	3106	3106	3106	5907.88
11:19.00	2	3126	3126	3126	3126	3126	3126	3126	3126	6560.72
11:19.09	2	3146	3146	3146	3146	3146	3146	3146	3146	7215.24
11:19.15	2	3166	3166	3166	3166	3166	3166	3166	3166	7869.76
11:25.51	1	3167	3167	3167	3167	3167	3167	3167	3167	0
11:26.10	1	3187	3187	3187	3187	3187	3187	3187	3187	50901.11
11:26.20	1	3207	3207	3207	3207	3207	3207	3207	3207	-415.51
11:26.28	2	3227	3227	3227	3227	3227	3227	3227	3227	12.5
11:47.12	1	3228	3228	3228	3228	3228	3228	3228	3228	0
11:47.18	1	3248	3248	3248	3248	3248	3248	3248	3248	50901.11
11:47.27	1	3268	3268	3268	3268	3268	3268	3268	3268	-415.51
11:47.38	2	3288	3288	3288	3288	3288	3288	3288	3288	12.5
11:47.48	2	3308	3308	3308	3308	3308	3308	3308	3308	670.03
11:47.58	2	3328	3328	3328	3328	3328	3328	3328	3328	1324.53
11:48.03	2	3348	3348	3348	3348	3348	3348	3348	3348	1984.18
11:48.10	2	3368	3368	3368	3368	3368	3368	3368	3368	2633.58
11:48.15	2	3388	3388	3388	3388	3388	3388	3388	3388	3288.07
11:48.22	2	3408	3408	3408	3408	3408	3408	3408	3408	3946.44
11:48.56	2	3428	3428	3428	3428	3428	3428	3428	3428	4600.55
11:49.04	2	3448	3448	3448	3448	3448	3448	3448	3448	5255.08
11:49.12	2	3468	3468	3468	3468	3468	3468	3468	3468	5907.88
11:49.23	2	3488	3488	3488	3488	3488	3488	3488	3488	6560.72
11:49.54	2	3508	3508	3508	3508	3508	3508	3508	3508	7215.24
11:50.01	2	3528	3528	3528	3528	3528	3528	3528	3528	7869.76
11:50.12	2	3548	3548	3548	3548	3548	3548	3548	3548	8524.26
11:50.23	2	3568	3568	3568	3568	3568	3568	3568	3568	9180.48
11:50.34	2	3588	3588	3588	3588	3588	3588	3588	3588	9843.53
11:50.40	2	3608	3608	3608	3608	3608	3608	3608	3608	10499.75
11:50.49	2	3628	3628	3628	3628	3628	3628	3628	3628	11149.15
11:50.55	2	3648	3648	3648	3648	3648	3648	3648	3648	11801.93
11:51.02	2	3668	3668	3668	3668	3668	3668	3668	3668	12449.65
11:51.07	2	3688	3688	3688	3688	3688	3688	3688	3688	13109.3
11:51.10	2	3708	3708	3708	3708	3708	3708	3708	3708	13767.25
11:51.17	2	3728	3728	3728	3728	3728	3728	3728	3728	14423.47
11:51.21	2	3748	3748	3748	3748	3748	3748	3748	3748	15072.88
11:51.26	2	3768	3768	3768	3768	3768	3768	3768	3768	15734.2
11:51.33	2	3788	3788	3788	3788	3788	3788	3788	3788	16380.18
11:51.38	2	3808	3808	3808	3808	3808	3808	3808	3808	17039.83
11:51.43	2	3828	3828	3828	3828	3828	3828	3828	3828	17685.84
11:51.50	2	3848	3848	3848	3848	3848	3848	3848	3848	18343.77
13:05.46	1	3849	3849	3849	3849	3849	3849	3849	3849	0
13:05.50	1	3869	3869	3869	3869	3869	3869	3869	3869	50901.11
13:05.55	1	3889	3889	3889	3889	3889	3889	3889	3889	-415.51
13:08.19	1	3890	3890	3890	3890	3890	3890	3890	3890	0
13:08.22	1	3910	3910	3910	3910	3910	3910	3910	3910	50901.11
13:31.34	1	3911	3911	3911	3911	3911	3911	3911	3911	0
13:31.37	1	3931	3931	3931	3931	3931	3931	3931	3931	50901.11
13:31.50	1	3951	3951	3951	3951	3951	3951	3951	3951	-415.51
13:32.01	2	3971	3971	3971	3971	3971	3971	3971	3971	12.5
14:29.54	1	3972	3972	3972	3972	3972	3972	3972	3972	0
14:29.58	1	3992	3992	3992	3992	3992	3992	3992	3992	50901.11
14:30.02	1	4012	4012	4012	4012	4012	4012	4012	4012	-415.51
14:30.08	2	4032	4032	4032	4032	4032	4032	4032	4032	12.5
14:30.19	2	4052	4052	4052	4052	4052	4052	4052	4052	670.03
14:30.39	2	4072	4072	4072	4072	4072	4072	4072	4072	1324.53
14:41.35	1	4073	4073	4073	4073	4073	4073	4073	4073	0
14:41.39	1	4093	4093	4093	4093	4093	4093	4093	4093	50901.11
14:41.48	1	4113	4113	4113	4113	4113	4113	4113	4113	-415.51
14:41.54	2	4133	4133	4133	4133	4133	4133	4133	4133	12.5
14:42.00	2	4153	4153	4153	4153	4153	4153	4153	4153	670.03
14:42.09	2	4173	4173	4173	4173	4173	4173	4173	4173	1324.53
14:42.15	2	4193	4193	4193	4193	4193	4193	4193	4193	1984.18
14:42.22	2	4213	4213	4213	4213	4213	4213	4213	4213	2633.58
14:42.27	2	4233	4233	4233	4233	4233	4233	4233	4233	3288.07
14:42.43	2	4253	4253	4253	4253	4253	4253	4253	4253	3946.44
14:42.52	2	4273	4273	4273	4273	4273	4273	4273	4273	4600.55
14:42.59	2	4293	4293	4293	4293	4293	4293	4293	4293	5255.08
14:48.15	1	4294	4294	4294	4294	4294	4294	4294	4294	0
14:48.20	1	4314	4314	4314	4314	4314	4314	4314	4314	50901.11
14:48.35	1	4334	4334	4334	4334	4334	4334	4334	4334	-415.51
14:48.48	2	4354	4354	4354	4354	4354	4354	4354	4354	12.5
14:49.03	2	4374	4374	4374	4374	4374	4374	4374	4374	670.03
14:49.22	2	4394	4394	4394	4394	4394	4394	4394	4394	1324.53
14:49.38	2	4414	4414	4414	4414	4414	4414	4414	4414	1984.18
14:49.55	2	4434	4434	4434	4434	4434	4434	4434	4434	2633.58
14:50.22	2	4454	4454	4454	4454	4454	4454	4454	4454	3288.07
14:50.48	2	4474	4474	4474	4474	4474	4474	4474	4474	3946.44
14:51.28	2	4494	4494	4494	4494	4494	4494	4494	4494	4600.55
14:51.47	2	4514	4514	4514	4514	4514	4514	4514	4514	5255.08
14:51.51	2	4534	4534	4534	4534	4534	4534	4534	4534	5907.88
14:51.56	2	4554	4554	4554	4554	4554	4554	4554	4554	6560.72
14:52.00	2	4574	4574	4574	4574	4574	4574	4574	4574	7215.24
14:52.09	2	4594	4594	4594	4594	4594	4594	4594	4594	7869.76
14:52.13	2	4614	4614	4614	4614	4614	4614	4614	4614	8524.26
14:52.19	2	4634	4634	4634	4634	4634	4634	4634	4634	9180.48
14:52.27	2	4654	4654	4654	4654	4654	4654	4654	4654	9843.53
14:52.32	2	4674	4674	4674	4674	4674	4674	4674	4674	10499.75
14:52.42	2	4694	4694	4694	4694	4694	4694	4694	4694	11149.15
14:52.46	2	4714	4714	4714	4714	4714	4714	4714	4714	11801.93
14:52.51	2	4734	4734	4734	4734	4734	4734	4734	4734	12449.65
14:53.01	2	4754	4754	4754	4754	4754	4754	4754	4754	13109.3
14:53.06	2	4774	4774	4774	4774	4774	4774	4774	4774	13767.25
14:53.12	2	4794	4794	4794	4794	4794	4794	4794	4794	14423.47
14:53.28	2	4814	4814	4814	4814	4814	4814	4814	4814	15072.88
14:53.46	2	4834	4834	4834	4834	4834	4834	4834	4834	15734.2
14:53.55	2	4854	4854	4854	4854	4854	4854	4854	4854	16380.18
14:54.00	2	4874	4874	4874	4874	4874	4874	4874	4874	17039.83
14:54.05	2	4894	4894	4894	4894	4894	4894	4894	4894	17685.84
14:54.12	2	4914	4914	4914	4914	4914	4914	4914	4914	18343.77
14:57.14	1	4915	4915	4915	4915	4915	4915	4915	4915	0
14:57.16	1	4935	4935	4935	4935	4935	4935	4935	4935	50901.11
14:57.19	1	4955	4955	4955	4955	4955	4955	4955	4955	-415.51
14:57.23	2	4975	4975	4975	4975	4975	4975	4975	4975	12.5
14:57.25	2	4995	4995	4995	4995	4995	4995	4995	4995	670.03
14:57.33	2	5015	5015	5015	5015	5015	5015	5015	5015	1324.53
14:57.38	2	5035	5035	5035	5035	5035	5035	5035	5035	1984.18
14:57.43	2	5055	5055	5055	5055	5055	5055	5055	5055	2633.58
14:57.48	2	5075	5075	5075	5075	5075	5075	5075	5075	3288.07
14:57.56	2	5095	5095	5095	5095	5095	5095	5095	5095	3946.44
14:58.01	2	5115	5115	5115	5115	5115	5115	5115	5115	4600.55
14:58.07	2	5135	5135	5135	5135	5135	5135	5135	5135	5255.08
15:00.02	1	5136	5136	5136	5136	5136	5136	5136	5136	0
15:00.04	1	5156	5156	5156	5156	5156	5156	5156	5156	50901.11
15:00.14	1	5176	5176	5176	5176	5176	5176	5176	5176	-415.51
15:00.18	2	5196	5196	5196	5196	5196	5196	5196	5196	12.5
15:00.27	2	5216	5216	5216	5216	5216	5216	5216	5216	670.03
15:00.39	2	5236	5236	5236	5236	5236	5236	5236	5236	1324.53
15:02.52	1	5237	5237	5237	5237	5237	5237	5237	5237	0
15:02.55	1	5257	5257	5257	5257	5257	5257	5257	5257	50901.11
15:03.06	1	5277	5277	5277	5277	5277	5277	5277	5277	-415.51
15:03.19	2	5297	5297	5297	5297	5297	5297	5297	5297	12.5
15:03.28	2	5317	5317	5317	5317	5317	5317	5317	5317	670.03
15:03.43	2	5337	5337	5337	5337	5337	5337	5337	5337	1324.53
15:03.57	2	5357	5357	5357	5357	5357	5357	5357	5357	1984.18
15:04.15	2	5377	5377	5377	5377	5377	5377	5377	5377	2633.58
15:04.30	2	5397	5397	5397	5397	5397	5397	5397	5397	3288.07
15:04.47	2	5417	5417	5417	5417	5417	5417	5417	5417	3946.44
15:05.03	2	5437	5437	5437	5437	5437	5437	5437	5437	4600.55
15:05.21	2	5457	5457	5457	5457	5457	5457	5457	5457	5255.08
15:05.39	2	5477	5477	5477	5477	5477	5477	5477	5477	5907.88
15:05.59	2	5497	5497	5497	5497	5497	5497	5497	5497	6560.72
15:06.21	2	5517	5517	5517	5517	5517	5517	5517	5517	7215.24
15:06.42	2	5537	5537	5537	5537	5537	5537	5537	5537	7869.76
15:06.57	2	5557	5557	5557	5557	5557	5557	5557	5557	8524.26
15:07.13	2	5577	5577	5577	5577	5577	5577	5577	5577	9180.48
15:07.31	2	5597	5597	5597	5597	5597	5597	5597	5597	9843.53
15:07.49	2	5617	5617	5617	5617	5617	5617	5617	5617	10499.75
15:08.14	2	5637	5637	5637	5637	5637	5637	5637	5637	11149.15
15:08.26	2	5657	5657	5657	5657	5657	5657	5657	5657	11801.93
15:08.41	2	5677	5677	5677	5677	5677	5677	5677	5677	12449.65
15:08.57	2	5697	5697	5697	5697	5697	5697	5697	5697	13109.3
15:09.14	2	5717	5717	5717	5717	5717	5717	5717	5717	13767.25
15:09.34	2	5737	5737	5737	5737	5737	5737	5737	5737	14423.47
