================================= TCP01 - Realtime Index Tracker =============================
Time		Layer#	T1Row	T2Row	T3Row	T4Row	T5Row	T6Row	T7Row	T8Row	EstPos
----------------------------------------------------------------------------------------------
08:36.35	1	1	1	1	1	1	1	1	1	0
08:36.36	1	21	21	21	21	21	21	21	21	50901.11
08:36.37	1	41	41	41	41	41	41	41	41	-415.51
08:36.38	2	61	61	61	61	61	61	61	61	12.5
08:36.39	2	81	81	81	81	81	81	81	81	670.03
08:36.39	2	101	101	101	101	101	101	101	101	1324.53
08:36.40	2	121	121	121	121	121	121	121	121	1984.18
08:36.41	2	141	141	141	141	141	141	141	141	2633.58
08:36.42	2	161	161	161	161	161	161	161	161	3288.07
08:36.43	2	181	181	181	181	181	181	181	181	3946.44
08:36.45	2	201	201	201	201	201	201	201	201	4600.55
08:36.47	2	221	221	221	221	221	221	221	221	5255.08
08:36.49	2	241	241	241	241	241	241	241	241	5907.88
08:36.51	2	261	261	261	261	261	261	261	261	6560.72
08:36.54	2	281	281	281	281	281	281	281	281	7215.24
08:36.57	2	301	301	301	301	301	301	301	301	7869.76
08:37.00	2	321	321	321	321	321	321	321	321	8524.26
08:37.02	2	341	341	341	341	341	341	341	341	9180.48
08:37.05	2	361	361	361	361	361	361	361	361	9843.53
08:37.08	2	381	381	381	381	381	381	381	381	10499.75
08:37.14	2	401	401	401	401	401	401	401	401	11149.15
08:37.16	2	421	421	421	421	421	421	421	421	11801.93
08:37.20	2	441	441	441	441	441	441	441	441	12449.65
08:37.22	2	461	461	461	461	461	461	461	461	13109.3
08:37.26	2	481	481	481	481	481	481	481	481	13767.25
08:37.32	2	501	501	501	501	501	501	501	501	14423.47
08:37.35	2	521	521	521	521	521	521	521	521	15072.88
08:37.38	2	541	541	541	541	541	541	541	541	15734.2
08:37.42	2	561	561	561	561	561	561	561	561	16380.18
08:37.45	2	581	581	581	581	581	581	581	581	17039.83
08:37.48	2	601	601	601	601	601	601	601	601	17685.84
08:37.51	2	621	621	621	621	621	621	621	621	18343.77
08:38.05	2	641	641	641	641	641	641	641	641	18998.29
08:38.08	2	661	661	661	661	661	661	661	661	19656.19
08:38.22	2	681	681	681	681	681	681	681	681	20307.31
08:38.28	2	701	701	701	701	701	701	701	701	20965.24
08:38.33	2	721	721	721	721	721	721	721	721	21618.05
08:38.37	2	741	741	741	741	741	741	741	741	22279.38
08:38.44	2	761	761	761	761	761	761	761	761	22945.83
08:38.48	2	781	781	781	781	781	781	781	781	23608.9
08:38.51	2	801	801	801	801	801	801	801	801	24263.41
08:38.56	2	821	821	821	821	821	821	821	821	24923.02
08:39.00	2	841	841	841	841	841	841	841	841	25582.67
08:39.07	2	861	861	861	861	861	861	861	861	26238.93
08:39.10	2	881	881	881	881	881	881	881	881	26898.53
08:39.14	2	901	901	901	901	901	901	901	901	27550.92
08:39.18	2	921	921	921	921	921	921	921	921	28205.86
08:39.22	2	941	941	941	941	941	941	941	941	28860.38
08:39.37	2	961	961	961	961	961	961	961	961	29513.19
08:39.43	2	981	981	981	981	981	981	981	981	30177.96
08:39.47	2	1001	1001	1001	1001	1001	1001	1001	1001	30829.04
08:39.52	2	1021	1021	1021	1021	1021	1021	1021	1021	31492.08
08:39.59	2	1041	1041	1041	1041	1041	1041	1041	1041	32148.34
08:40.03	2	1061	1061	1061	1061	1061	1061	1061	1061	32806.26
08:40.08	2	1081	1081	1081	1081	1081	1081	1081	1081	33457.38
08:40.12	2	1101	1101	1101	1101	1101	1101	1101	1101	34114.86
08:40.26	2	1121	1121	1121	1121	1121	1121	1121	1121	34769.85
08:40.41	2	1141	1141	1141	1141	1141	1141	1141	1141	35429.45
08:40.45	2	1161	1161	1161	1161	1161	1161	1161	1161	36082.26
08:40.51	2	1181	1181	1181	1181	1181	1181	1181	1181	36738.55
08:40.55	2	1201	1201	1201	1201	1201	1201	1201	1201	36716.74
08:40.59	2	1221	1221	1221	1221	1221	1221	1221	1221	37298.8
08:41.06	2	1241	1241	1241	1241	1241	1241	1241	1241	37949.91
08:41.11	2	1261	1261	1261	1261	1261	1261	1261	1261	38602.75
08:41.16	2	1281	1281	1281	1281	1281	1281	1281	1281	39252.15
08:41.21	2	1301	1301	1301	1301	1301	1301	1301	1301	39908.36
08:41.29	2	1321	1321	1321	1321	1321	1321	1321	1321	40557.75
08:41.33	2	1341	1341	1341	1341	1341	1341	1341	1341	41212.3
08:41.38	2	1361	1361	1361	1361	1361	1361	1361	1361	41866.78
08:41.43	2	1381	1381	1381	1381	1381	1381	1381	1381	42519.18
08:41.57	2	1401	1401	1401	1401	1401	1401	1401	1401	42538.22
08:42.11	2	1421	1421	1421	1421	1421	1421	1421	1421	43076.8
08:42.16	2	1441	1441	1441	1441	1441	1441	1441	1441	43731.75
08:42.24	2	1461	1461	1461	1461	1461	1461	1461	1461	44380.7
08:42.29	2	1481	1481	1481	1481	1481	1481	1481	1481	45033.98
08:42.43	2	1501	1501	1501	1501	1501	1501	1501	1501	45685.05
08:42.47	2	1521	1521	1521	1521	1521	1521	1521	1521	46340.86
08:42.53	2	1541	1541	1541	1541	1541	1541	1541	1541	46990.27
08:42.58	2	1561	1561	1561	1561	1561	1561	1561	1561	47650.34
08:43.03	2	1581	1581	1581	1581	1581	1581	1581	1581	48299.31
08:43.09	2	1601	1601	1601	1601	1601	1601	1601	1601	48950.84
08:43.14	2	1621	1621	1621	1621	1621	1621	1621	1621	49608.32
08:43.18	2	1641	1641	1641	1641	1641	1641	1641	1641	50263.3
08:43.23	2	1661	1661	1661	1661	1661	1661	1661	1661	50910.55
08:43.28	2	1681	1681	1681	1681	1681	1681	1681	1681	-402.81
08:43.33	3	1701	1701	1701	1701	1701	1701	1701	1701	75.51
08:43.48	3	1721	1721	1721	1721	1721	1721	1721	1721	730.09
08:44.04	3	1741	1741	1741	1741	1741	1741	1741	1741	1385.1
08:44.12	3	1761	1761	1761	1761	1761	1761	1761	1761	2040.96
08:44.18	3	1781	1781	1781	1781	1781	1781	1781	1781	2694.26
08:44.24	3	1801	1801	1801	1801	1801	1801	1801	1801	3343.75
08:44.30	3	1821	1821	1821	1821	1821	1821	1821	1821	3991.5
08:44.35	3	1841	1841	1841	1841	1841	1841	1841	1841	4649.5
08:44.44	3	1861	1861	1861	1861	1861	1861	1861	1861	5300.67
08:44.51	3	1881	1881	1881	1881	1881	1881	1881	1881	5954.87
08:44.58	3	1901	1901	1901	1901	1901	1901	1901	1901	6612.79
08:45.04	3	1921	1921	1921	1921	1921	1921	1921	1921	7267.38
08:51.54	1	1922	1922	1922	1922	1922	1922	1922	1922	0
08:51.56	1	1942	1942	1942	1942	1942	1942	1942	1942	50901.11
08:52.03	1	1962	1962	1962	1962	1962	1962	1962	1962	-415.51
08:52.11	2	1982	1982	1982	1982	1982	1982	1982	1982	12.5
08:52.18	2	2002	2002	2002	2002	2002	2002	2002	2002	670.03
08:52.29	2	2022	2022	2022	2022	2022	2022	2022	2022	1324.53
08:52.40	2	2042	2042	2042	2042	2042	2042	2042	2042	1984.18
08:52.47	2	2062	2062	2062	2062	2062	2062	2062	2062	2633.58
08:52.54	2	2082	2082	2082	2082	2082	2082	2082	2082	3288.07
08:53.07	2	2102	2102	2102	2102	2102	2102	2102	2102	3946.44
08:53.15	2	2122	2122	2122	2122	2122	2122	2122	2122	4600.55
08:53.27	2	2142	2142	2142	2142	2142	2142	2142	2142	5255.08
08:53.31	2	2162	2162	2162	2162	2162	2162	2162	2162	5907.88
08:53.42	2	2182	2182	2182	2182	2182	2182	2182	2182	6560.72
08:53.51	2	2202	2202	2202	2202	2202	2202	2202	2202	7215.24
08:54.19	2	2222	2222	2222	2222	2222	2222	2222	2222	7869.76
08:54.31	2	2242	2242	2242	2242	2242	2242	2242	2242	8524.26
08:54.39	2	2262	2262	2262	2262	2262	2262	2262	2262	9180.48
08:54.58	2	2282	2282	2282	2282	2282	2282	2282	2282	9843.53
08:55.10	2	2302	2302	2302	2302	2302	2302	2302	2302	10499.75
08:55.22	2	2322	2322	2322	2322	2322	2322	2322	2322	11149.15
08:55.31	2	2342	2342	2342	2342	2342	2342	2342	2342	11801.93
08:55.42	2	2362	2362	2362	2362	2362	2362	2362	2362	12449.65
08:55.56	2	2382	2382	2382	2382	2382	2382	2382	2382	13109.3
08:56.05	2	2402	2402	2402	2402	2402	2402	2402	2402	13767.25
08:56.16	2	2422	2422	2422	2422	2422	2422	2422	2422	14423.47
08:56.23	2	2442	2442	2442	2442	2442	2442	2442	2442	15072.88
